<NB_CUSTOMERS>20</NB_CUSTOMERS>
<NB_LOCATIONS>80</NB_LOCATIONS>
<NB_VEHICLES>6</NB_VEHICLES>
<VEHICLE_CAPACITY>750</VEHICLE_CAPACITY>
<EXTERNAL_VEHICLE_COST>6600</EXTERNAL_VEHICLE_COST>
<DEPOT>	ID	DEMAND	NBLOC	LOCS
0	0	1		0
</DEPOT>
<CUSTOMERS>	ID	DEMAND	NBLOC	LOCS
1	33	5			1	2	3	4	5
2	50	4			6	7	8	9
3	39	1			10
4	65	1			11
5	49	6			12	13	14	15	16	17
6	80	5			18	19	20	21	22
7	58	5			23	24	25	26	27
8	40	4			28	29	30	31
9	48	1			32
10	75	5			33	34	35	36	37
11	48	4			38	39	40	41
12	41	1			42
13	43	5			43	44	45	46	47
14	47	6			48	49	50	51	52	53
15	38	6			54	55	56	57	58	59
16	19	6			60	61	62	63	64	65
17	53	4			66	67	68	69
18	41	5			70	71	72	73	74
19	52	1			75
20	50	4			76	77	78	79
</CUSTOMERS>
<LOCATIONS>	ID	x	y	TWE	TWL
0	0	0	0	720
1	-7.74701	-8.94993	0	91
2	55.5926	-20.2758	220	274
3	21.825	-9.96088	345	361
4	-24.0419	-17.8113	454	456
5	-7.74701	-8.94993	493	720
6	-37.5761	108.45	0	7
7	42.2396	110.757	167	208
8	-62.8147	106.572	418	499
9	-37.5761	108.45	550	720
10	-129.778	70.8827	0	720
11	-108.425	-1.72791	0	720
12	-8.57652	21.6756	0	2
13	-1.8337	42.5397	46	59
14	-4.43773	24.8074	95	184
15	-16.1683	31.3962	211	321
16	0.687216	67.0676	400	475
17	-8.57652	21.6756	568	720
18	-33.2828	-92.5421	0	42
19	8.55514	-27	198	220
20	-12.7138	-28.7471	263	306
21	-3.43799	-20.3107	331	387
22	-33.2828	-92.5421	543	720
23	45.469	-46.2674	0	66
24	99.3365	-69.6164	183	204
25	3.91751	-15.8359	423	465
26	44.3047	-77.6389	613	631
27	45.469	-46.2674	694	720
28	51.5217	77.8357	0	69
29	37.0686	68.939	103	215
30	44.0136	154.064	386	451
31	51.5217	77.8357	604	720
32	-17.2131	70.3698	0	720
33	16.6522	-42.0927	0	1
34	-0.077741	33.5659	156	160
35	76.5223	-66.2997	412	417
36	-16.9112	-74.4484	605	606
37	16.6522	-42.0927	699	720
38	19.2335	19.1669	0	157
39	83.3985	15.7222	286	340
40	34.7514	19.8332	438	624
41	19.2335	19.1669	655	720
42	31.6229	158.198	0	720
43	64.9258	53.3686	0	50
44	64.4884	55.1192	54	60
45	41.8061	96.7821	155	177
46	128.955	81.6149	354	396
47	64.9258	53.3686	536	720
48	-109.83	107.972	0	44
49	-47.3246	86.8002	176	190
50	-90.935	95.7906	279	280
51	-150.888	66.7205	413	454
52	-154.42	117.232	555	570
53	-109.83	107.972	661	720
54	84.677	-108.254	0	61
55	140.074	-94.9095	175	183
56	83.1002	-58.3108	318	349
57	65.387	-126.047	489	529
58	79.8202	-150.742	586	616
59	84.677	-108.254	702	720
60	-48.3901	-37.4023	0	61
61	-30.603	-16.7288	116	171
62	-29.3698	-91.9164	321	321
63	-82.7929	-62.3752	443	479
64	-48.719	-21.37	586	604
65	-48.3901	-37.4023	636	720
66	3.52264	44.8019	0	86
67	-5.48415	53.2256	111	124
68	5.13245	127.227	274	419
69	3.52264	44.8019	584	720
70	55.4025	118.025	0	16
71	63.8523	107.467	43	69
72	79.636	136.598	135	136
73	-1.22076	112.695	305	330
74	55.4025	118.025	444	720
75	10.2501	159.282	0	720
76	5.53039	0.724742	0	84
77	6.9065	-0.105122	87	157
78	-30.8446	91.8185	356	360
79	5.53039	0.724742	556	720
</LOCATIONS>
<TRAVEL_COSTS_TIMES>	IDFROM	IDTO	COST	TIME
0	0	0	0
0	1	12	24
0	2	59	118
0	3	24	48
0	4	30	60
0	5	12	24
0	6	114	230
0	7	119	237
0	8	123	247
0	9	114	230
0	10	148	296
0	11	108	217
0	12	23	47
0	13	43	85
0	14	25	50
0	15	35	71
0	16	67	134
0	17	23	47
0	18	98	197
0	19	28	57
0	20	31	63
0	21	21	41
0	22	98	197
0	23	65	130
0	24	121	243
0	25	16	33
0	26	89	179
0	27	65	130
0	28	93	187
0	29	78	157
0	30	160	320
0	31	93	187
0	32	72	145
0	33	45	91
0	34	34	67
0	35	101	202
0	36	76	153
0	37	45	91
0	38	27	54
0	39	85	170
0	40	40	80
0	41	27	54
0	42	161	323
0	43	84	168
0	44	85	170
0	45	105	211
0	46	153	305
0	47	84	168
0	48	154	308
0	49	99	198
0	50	132	264
0	51	165	330
0	52	194	388
0	53	154	308
0	54	137	275
0	55	169	338
0	56	102	203
0	57	142	284
0	58	170	341
0	59	137	275
0	60	61	122
0	61	35	70
0	62	96	193
0	63	104	207
0	64	53	106
0	65	61	122
0	66	45	90
0	67	53	107
0	68	127	255
0	69	45	90
0	70	130	261
0	71	125	250
0	72	158	316
0	73	113	225
0	74	130	261
0	75	159	319
0	76	6	11
0	77	7	14
0	78	97	194
0	79	6	11
1	0	12	24
1	1	0	0
1	2	64	129
1	3	30	59
1	4	19	37
1	5	0	0
1	6	121	242
1	7	130	259
1	8	128	256
1	9	121	242
1	10	146	292
1	11	101	202
1	12	31	61
1	13	52	104
1	14	34	68
1	15	41	82
1	16	76	153
1	17	31	61
1	18	87	175
1	19	24	49
1	20	20	41
1	21	12	24
1	22	87	175
1	23	65	130
1	24	123	246
1	25	14	27
1	26	86	172
1	27	65	130
1	28	105	210
1	29	90	180
1	30	171	342
1	31	105	210
1	32	80	160
1	33	41	82
1	34	43	86
1	35	102	204
1	36	66	132
1	37	41	82
1	38	39	78
1	39	94	189
1	40	51	102
1	41	39	78
1	42	172	343
1	43	95	191
1	44	96	193
1	45	117	234
1	46	164	327
1	47	95	191
1	48	155	310
1	49	104	207
1	50	134	268
1	51	162	324
1	52	193	387
1	53	155	310
1	54	135	271
1	55	171	342
1	56	103	207
1	57	138	276
1	58	167	333
1	59	135	271
1	60	50	99
1	61	24	48
1	62	85	171
1	63	92	184
1	64	43	85
1	65	50	99
1	66	55	110
1	67	62	124
1	68	136	274
1	69	55	110
1	70	142	284
1	71	137	273
1	72	170	339
1	73	122	243
1	74	142	284
1	75	168	338
1	76	16	33
1	77	17	34
1	78	103	206
1	79	16	33
2	0	59	118
2	1	64	129
2	2	0	0
2	3	35	71
2	4	80	159
2	5	64	129
2	6	159	318
2	7	132	263
2	8	173	347
2	9	159	318
2	10	206	413
2	11	165	330
2	12	77	153
2	13	85	170
2	14	75	150
2	15	88	177
2	16	103	206
2	17	77	153
2	18	115	229
2	19	48	95
2	20	69	138
2	21	59	118
2	22	115	229
2	23	28	56
2	24	66	132
2	25	52	104
2	26	58	117
2	27	28	56
2	28	98	196
2	29	91	182
2	30	175	349
2	31	98	196
2	32	116	233
2	33	45	89
2	34	77	155
2	35	51	101
2	36	91	181
2	37	45	89
2	38	54	107
2	39	45	91
2	40	45	90
2	41	54	107
2	42	180	360
2	43	74	148
2	44	76	152
2	45	118	236
2	46	125	251
2	47	74	148
2	48	209	419
2	49	148	297
2	50	187	374
2	51	224	448
2	52	251	502
2	53	209	419
2	54	93	185
2	55	113	225
2	56	47	94
2	57	106	212
2	58	133	265
2	59	93	185
2	60	105	211
2	61	86	172
2	62	111	222
2	63	145	289
2	64	104	209
2	65	105	211
2	66	83	167
2	67	95	191
2	68	156	312
2	69	83	167
2	70	138	277
2	71	128	256
2	72	159	317
2	73	145	289
2	74	138	277
2	75	185	370
2	76	54	108
2	77	53	105
2	78	141	283
2	79	54	108
3	0	24	48
3	1	30	59
3	2	35	71
3	3	0	0
3	4	47	93
3	5	30	59
3	6	132	264
3	7	122	245
3	8	144	288
3	9	132	264
3	10	171	344
3	11	131	261
3	12	44	88
3	13	58	115
3	14	44	87
3	15	56	112
3	16	80	160
3	17	44	88
3	18	99	199
3	19	22	43
3	20	39	79
3	21	27	55
3	22	99	199
3	23	43	87
3	24	98	196
3	25	19	38
3	26	71	143
3	27	43	87
3	28	92	185
3	29	80	161
3	30	165	331
3	31	92	185
3	32	89	178
3	33	33	65
3	34	49	97
3	35	79	157
3	36	75	150
3	37	33	65
3	38	29	58
3	39	67	133
3	40	32	65
3	41	29	58
3	42	168	337
3	43	77	153
3	44	78	156
3	45	108	217
3	46	141	282
3	47	77	153
3	48	176	354
3	49	119	238
3	50	154	309
3	51	189	378
3	52	217	435
3	53	176	354
3	54	116	233
3	55	146	291
3	56	78	156
3	57	124	248
3	58	152	305
3	59	116	233
3	60	75	151
3	61	53	106
3	62	96	193
3	63	117	234
3	64	71	143
3	65	75	151
3	66	58	115
3	67	69	138
3	68	138	276
3	69	58	115
3	70	132	265
3	71	124	249
3	72	157	315
3	73	125	249
3	74	132	265
3	75	169	339
3	76	19	39
3	77	18	36
3	78	114	229
3	79	19	39
4	0	30	60
4	1	19	37
4	2	80	159
4	3	47	93
4	4	0	0
4	5	19	37
4	6	127	254
4	7	144	289
4	8	130	261
4	9	127	254
4	10	138	276
4	11	86	172
4	12	42	85
4	13	64	129
4	14	47	94
4	15	50	100
4	16	88	177
4	17	42	85
4	18	75	151
4	19	34	68
4	20	16	31
4	21	21	42
4	22	75	151
4	23	75	150
4	24	134	267
4	25	28	56
4	26	91	181
4	27	75	150
4	28	122	244
4	29	106	212
4	30	184	370
4	31	122	244
4	32	88	177
4	33	47	95
4	34	57	113
4	35	112	223
4	36	57	114
4	37	47	95
4	38	57	114
4	39	113	225
4	40	70	139
4	41	57	114
4	42	184	369
4	43	114	228
4	44	115	229
4	45	132	264
4	46	182	364
4	47	114	228
4	48	152	305
4	49	107	214
4	50	132	264
4	51	152	305
4	52	188	375
4	53	152	305
4	54	141	282
4	55	181	362
4	56	115	229
4	57	140	281
4	58	169	337
4	59	141	282
4	60	31	63
4	61	7	13
4	62	74	149
4	63	74	147
4	64	25	50
4	65	31	63
4	66	68	137
4	67	73	147
4	68	148	296
4	69	68	137
4	70	157	314
4	71	153	306
4	72	186	372
4	73	132	265
4	74	157	314
4	75	180	361
4	76	35	70
4	77	36	71
4	78	110	220
4	79	35	70
5	0	12	24
5	1	0	0
5	2	64	129
5	3	30	59
5	4	19	37
5	5	0	0
5	6	121	242
5	7	130	259
5	8	128	256
5	9	121	242
5	10	146	292
5	11	101	202
5	12	31	61
5	13	52	104
5	14	34	68
5	15	41	82
5	16	76	153
5	17	31	61
5	18	87	175
5	19	24	49
5	20	20	41
5	21	12	24
5	22	87	175
5	23	65	130
5	24	123	246
5	25	14	27
5	26	86	172
5	27	65	130
5	28	105	210
5	29	90	180
5	30	171	342
5	31	105	210
5	32	80	160
5	33	41	82
5	34	43	86
5	35	102	204
5	36	66	132
5	37	41	82
5	38	39	78
5	39	94	189
5	40	51	102
5	41	39	78
5	42	172	343
5	43	95	191
5	44	96	193
5	45	117	234
5	46	164	327
5	47	95	191
5	48	155	310
5	49	104	207
5	50	134	268
5	51	162	324
5	52	193	387
5	53	155	310
5	54	135	271
5	55	171	342
5	56	103	207
5	57	138	276
5	58	167	333
5	59	135	271
5	60	50	99
5	61	24	48
5	62	85	171
5	63	92	184
5	64	43	85
5	65	50	99
5	66	55	110
5	67	62	124
5	68	136	274
5	69	55	110
5	70	142	284
5	71	137	273
5	72	170	339
5	73	122	243
5	74	142	284
5	75	168	338
5	76	16	33
5	77	17	34
5	78	103	206
5	79	16	33
6	0	114	230
6	1	121	242
6	2	159	318
6	3	132	264
6	4	127	254
6	5	121	242
6	6	0	0
6	7	80	160
6	8	25	51
6	9	0	0
6	10	100	199
6	11	131	262
6	12	91	183
6	13	75	150
6	14	90	180
6	15	80	160
6	16	56	113
6	17	91	183
6	18	201	402
6	19	142	286
6	20	139	279
6	21	133	266
6	22	201	402
6	23	175	351
6	24	224	449
6	25	130	262
6	26	203	406
6	27	175	351
6	28	94	188
6	29	84	169
6	30	93	187
6	31	94	188
6	32	43	86
6	33	159	320
6	34	84	167
6	35	209	417
6	36	184	368
6	37	159	320
6	38	106	212
6	39	152	305
6	40	114	229
6	41	106	212
6	42	85	170
6	43	116	233
6	44	115	230
6	45	80	160
6	46	168	337
6	47	116	233
6	48	72	145
6	49	24	47
6	50	55	110
6	51	121	242
6	52	117	234
6	53	72	145
6	54	248	497
6	55	270	540
6	56	206	412
6	57	256	512
6	58	284	569
6	59	248	497
6	60	146	293
6	61	125	251
6	62	200	401
6	63	177	353
6	64	130	261
6	65	146	293
6	66	76	152
6	67	64	128
6	68	47	93
6	69	76	152
6	70	93	187
6	71	101	203
6	72	121	241
6	73	37	73
6	74	93	187
6	75	70	140
6	76	116	232
6	77	117	235
6	78	18	36
6	79	116	232
7	0	119	237
7	1	130	259
7	2	132	263
7	3	122	245
7	4	144	289
7	5	130	259
7	6	80	160
7	7	0	0
7	8	105	210
7	9	80	160
7	10	176	353
7	11	188	376
7	12	102	205
7	13	81	162
7	14	98	196
7	15	99	197
7	16	60	121
7	17	102	205
7	18	217	434
7	19	141	284
7	20	150	300
7	21	139	278
7	22	217	434
7	23	157	314
7	24	189	378
7	25	132	265
7	26	188	377
7	27	157	314
7	28	34	68
7	29	42	84
7	30	43	87
7	31	34	68
7	32	72	144
7	33	155	310
7	34	88	176
7	35	180	361
7	36	194	389
7	37	155	310
7	38	94	189
7	39	104	207
7	40	91	182
7	41	94	189
7	42	49	97
7	43	62	123
7	44	60	120
7	45	14	28
7	46	91	183
7	47	62	123
7	48	152	304
7	49	92	185
7	50	134	268
7	51	197	396
7	52	197	394
7	53	152	304
7	54	223	446
7	55	228	455
7	56	174	348
7	57	238	475
7	58	264	528
7	59	223	446
7	60	173	347
7	61	146	294
7	62	215	430
7	63	213	427
7	64	160	321
7	65	173	347
7	66	76	153
7	67	75	149
7	68	41	81
7	69	76	153
7	70	15	30
7	71	22	44
7	72	45	91
7	73	44	87
7	74	15	30
7	75	58	116
7	76	116	232
7	77	116	233
7	78	75	151
7	79	116	232
8	0	123	247
8	1	128	256
8	2	173	347
8	3	144	288
8	4	130	261
8	5	128	256
8	6	25	51
8	7	105	210
8	8	0	0
8	9	25	51
8	10	76	152
8	11	118	235
8	12	100	201
8	13	88	177
8	14	100	201
8	15	88	177
8	16	75	150
8	17	100	201
8	18	201	403
8	19	151	303
8	20	144	289
8	21	140	280
8	22	201	403
8	23	187	374
8	24	239	479
8	25	139	279
8	26	212	426
8	27	187	374
8	28	118	236
8	29	107	213
8	30	117	234
8	31	118	236
8	32	58	116
8	33	168	337
8	34	96	192
8	35	222	444
8	36	186	373
8	37	168	337
8	38	119	240
8	39	172	344
8	40	130	261
8	41	119	240
8	42	108	215
8	43	138	276
8	44	137	274
8	45	105	210
8	46	193	387
8	47	138	276
8	48	47	94
8	49	25	50
8	50	30	60
8	51	97	193
8	52	92	184
8	53	47	94
8	54	260	520
8	55	285	572
8	56	219	440
8	57	265	531
8	58	293	588
8	59	260	520
8	60	145	289
8	61	127	255
8	62	201	403
8	63	170	340
8	64	129	257
8	65	145	289
8	66	90	181
8	67	78	157
8	68	71	142
8	69	90	181
8	70	118	238
8	71	126	253
8	72	146	291
8	73	62	124
8	74	118	238
8	75	90	180
8	76	125	252
8	77	127	254
8	78	35	70
8	79	125	252
9	0	114	230
9	1	121	242
9	2	159	318
9	3	132	264
9	4	127	254
9	5	121	242
9	6	0	0
9	7	80	160
9	8	25	51
9	9	0	0
9	10	100	199
9	11	131	262
9	12	91	183
9	13	75	150
9	14	90	180
9	15	80	160
9	16	56	113
9	17	91	183
9	18	201	402
9	19	142	286
9	20	139	279
9	21	133	266
9	22	201	402
9	23	175	351
9	24	224	449
9	25	130	262
9	26	203	406
9	27	175	351
9	28	94	188
9	29	84	169
9	30	93	187
9	31	94	188
9	32	43	86
9	33	159	320
9	34	84	167
9	35	209	417
9	36	184	368
9	37	159	320
9	38	106	212
9	39	152	305
9	40	114	229
9	41	106	212
9	42	85	170
9	43	116	233
9	44	115	230
9	45	80	160
9	46	168	337
9	47	116	233
9	48	72	145
9	49	24	47
9	50	55	110
9	51	121	242
9	52	117	234
9	53	72	145
9	54	248	497
9	55	270	540
9	56	206	412
9	57	256	512
9	58	284	569
9	59	248	497
9	60	146	293
9	61	125	251
9	62	200	401
9	63	177	353
9	64	130	261
9	65	146	293
9	66	76	152
9	67	64	128
9	68	47	93
9	69	76	152
9	70	93	187
9	71	101	203
9	72	121	241
9	73	37	73
9	74	93	187
9	75	70	140
9	76	116	232
9	77	117	235
9	78	18	36
9	79	116	232
10	0	148	296
10	1	146	292
10	2	206	413
10	3	171	344
10	4	138	276
10	5	146	292
10	6	100	199
10	7	176	353
10	8	76	152
10	9	100	199
10	10	0	0
10	11	76	151
10	12	131	262
10	13	131	262
10	14	133	267
10	15	120	241
10	16	131	261
10	17	131	262
10	18	190	380
10	19	169	339
10	20	154	307
10	21	156	312
10	22	190	380
10	23	211	422
10	24	269	538
10	25	159	319
10	26	229	457
10	27	211	422
10	28	181	363
10	29	167	334
10	30	193	385
10	31	181	363
10	32	113	225
10	33	185	370
10	34	135	270
10	35	247	495
10	36	184	368
10	37	185	370
10	38	157	315
10	39	220	440
10	40	172	345
10	41	157	315
10	42	184	367
10	43	195	391
10	44	195	390
10	45	174	347
10	46	259	518
10	47	195	391
10	48	42	84
10	49	84	168
10	50	46	92
10	51	22	43
10	52	52	105
10	53	42	84
10	54	279	558
10	55	316	633
10	56	249	498
10	57	277	555
10	58	305	610
10	59	279	558
10	60	135	271
10	61	132	265
10	62	191	383
10	63	141	283
10	64	123	246
10	65	135	271
10	66	136	272
10	67	126	251
10	68	146	292
10	69	136	272
10	70	191	382
10	71	197	394
10	72	219	439
10	73	135	270
10	74	191	382
10	75	165	331
10	76	152	305
10	77	154	308
10	78	101	202
10	79	152	305
11	0	108	217
11	1	101	202
11	2	165	330
11	3	131	261
11	4	86	172
11	5	101	202
11	6	131	262
11	7	188	376
11	8	118	235
11	9	131	262
11	10	76	151
11	11	0	0
11	12	103	205
11	13	115	231
11	14	107	215
11	15	98	196
11	16	129	258
11	17	103	205
11	18	118	236
11	19	119	239
11	20	99	199
11	21	106	213
11	22	118	236
11	23	160	320
11	24	218	437
11	25	113	226
11	26	171	341
11	27	160	320
11	28	179	357
11	29	162	323
11	30	218	436
11	31	179	357
11	32	116	233
11	33	131	263
11	34	114	228
11	35	196	392
11	36	117	234
11	37	131	263
11	38	129	259
11	39	193	385
11	40	145	290
11	41	129	259
11	42	213	425
11	43	182	364
11	44	182	364
11	45	180	359
11	46	252	503
11	47	182	364
11	48	110	219
11	49	108	215
11	50	99	198
11	51	81	161
11	52	128	255
11	53	110	219
11	54	221	441
11	55	265	531
11	56	199	399
11	57	214	427
11	58	240	480
11	59	221	441
11	60	70	140
11	61	79	159
11	62	120	240
11	63	66	132
11	64	63	126
11	65	70	140
11	66	121	242
11	67	117	233
11	68	172	344
11	69	121	242
11	70	203	406
11	71	204	408
11	72	233	467
11	73	157	314
11	74	203	406
11	75	200	400
11	76	114	228
11	77	115	231
11	78	122	243
11	79	114	228
12	0	23	47
12	1	31	61
12	2	77	153
12	3	44	88
12	4	42	85
12	5	31	61
12	6	91	183
12	7	102	205
12	8	100	201
12	9	91	183
12	10	131	262
12	11	103	205
12	12	0	0
12	13	22	44
12	14	5	10
12	15	12	25
12	16	46	93
12	17	0	0
12	18	117	234
12	19	51	103
12	20	51	101
12	21	42	85
12	22	117	234
12	23	87	173
12	24	141	283
12	25	39	79
12	26	112	225
12	27	87	173
12	28	82	164
12	29	66	131
12	30	142	285
12	31	82	164
12	32	49	99
12	33	68	137
12	34	15	29
12	35	122	245
12	36	96	193
12	37	68	137
12	38	28	56
12	39	92	184
12	40	43	87
12	41	28	56
12	42	142	285
12	43	80	160
12	44	80	161
12	45	90	181
12	46	150	300
12	47	80	160
12	48	133	266
12	49	76	152
12	50	111	222
12	51	149	299
12	52	174	349
12	53	133	266
12	54	160	319
12	55	189	378
12	56	122	243
12	57	165	330
12	58	193	387
12	59	160	319
12	60	71	142
12	61	44	89
12	62	115	231
12	63	112	224
12	64	59	118
12	65	71	142
12	66	26	52
12	67	32	63
12	68	106	213
12	69	26	52
12	70	115	231
12	71	112	224
12	72	145	290
12	73	91	182
12	74	115	231
12	75	138	277
12	76	25	51
12	77	27	53
12	78	74	147
12	79	25	51
13	0	43	85
13	1	52	104
13	2	85	170
13	3	58	115
13	4	64	129
13	5	52	104
13	6	75	150
13	7	81	162
13	8	88	177
13	9	75	150
13	10	131	262
13	11	115	231
13	12	22	44
13	13	0	0
13	14	18	36
13	15	18	36
13	16	25	49
13	17	22	44
13	18	139	277
13	19	70	140
13	20	72	144
13	21	63	126
13	22	139	277
13	23	101	201
13	24	151	302
13	25	59	117
13	26	129	257
13	27	101	201
13	28	64	128
13	29	47	94
13	30	121	241
13	31	64	128
13	32	32	64
13	33	86	173
13	34	9	18
13	35	134	268
13	36	118	236
13	37	86	173
13	38	31	63
13	39	89	179
13	40	43	86
13	41	31	63
13	42	120	241
13	43	68	135
13	44	68	135
13	45	70	139
13	46	137	273
13	47	68	135
13	48	126	253
13	49	63	127
13	50	104	208
13	51	151	302
13	52	170	340
13	53	126	253
13	54	174	348
13	55	197	395
13	56	131	264
13	57	181	363
13	58	210	420
13	59	174	348
13	60	93	185
13	61	66	132
13	62	137	274
13	63	132	265
13	64	79	159
13	65	93	185
13	66	6	12
13	67	11	23
13	68	85	170
13	69	6	12
13	70	95	189
13	71	92	185
13	72	124	249
13	73	70	140
13	74	95	189
13	75	117	234
13	76	42	85
13	77	43	87
13	78	57	114
13	79	42	85
14	0	25	50
14	1	34	68
14	2	75	150
14	3	44	87
14	4	47	94
14	5	34	68
14	6	90	180
14	7	98	196
14	8	100	201
14	9	90	180
14	10	133	267
14	11	107	215
14	12	5	10
14	13	18	36
14	14	0	0
14	15	13	27
14	16	43	85
14	17	5	10
14	18	121	242
14	19	53	107
14	20	54	108
14	21	45	90
14	22	121	242
14	23	87	174
14	24	140	281
14	25	41	83
14	26	113	227
14	27	87	174
14	28	77	154
14	29	61	121
14	30	138	276
14	31	77	154
14	32	47	95
14	33	70	140
14	34	10	20
14	35	122	244
14	36	100	200
14	37	70	140
14	38	24	49
14	39	88	177
14	40	40	79
14	41	24	49
14	42	138	276
14	43	75	150
14	44	75	151
14	45	86	171
14	46	145	290
14	47	75	150
14	48	134	269
14	49	75	151
14	50	112	224
14	51	152	305
14	52	176	352
14	53	134	269
14	54	160	320
14	55	188	375
14	56	121	241
14	57	166	332
14	58	194	389
14	59	160	320
14	60	76	152
14	61	49	98
14	62	119	239
14	63	117	234
14	64	64	128
14	65	76	152
14	66	22	43
14	67	28	57
14	68	103	206
14	69	22	43
14	70	111	221
14	71	107	214
14	72	140	280
14	73	88	176
14	74	111	221
14	75	135	270
14	76	26	52
14	77	27	55
14	78	72	144
14	79	26	52
15	0	35	71
15	1	41	82
15	2	88	177
15	3	56	112
15	4	50	100
15	5	41	82
15	6	80	160
15	7	99	197
15	8	88	177
15	9	80	160
15	10	120	241
15	11	98	196
15	12	12	25
15	13	18	36
15	14	13	27
15	15	0	0
15	16	39	79
15	17	12	25
15	18	125	250
15	19	63	127
15	20	60	120
15	21	53	106
15	22	125	250
15	23	99	198
15	24	153	307
15	25	51	103
15	26	124	249
15	27	99	198
15	28	82	164
15	29	65	130
15	30	136	273
15	31	82	164
15	32	39	78
15	33	80	161
15	34	16	32
15	35	134	269
15	36	106	212
15	37	80	161
15	38	37	75
15	39	101	202
15	40	52	104
15	41	37	75
15	42	135	271
15	43	84	168
15	44	84	168
15	45	87	175
15	46	154	307
15	47	84	168
15	48	121	242
15	49	64	127
15	50	99	197
15	51	139	279
15	52	163	325
15	53	121	242
15	54	172	344
15	55	201	402
15	56	134	268
15	57	177	355
15	58	205	412
15	59	172	344
15	60	76	152
15	61	50	100
15	62	124	248
15	63	115	230
15	64	62	124
15	65	76	152
15	66	24	48
15	67	24	49
15	68	98	196
15	69	24	48
15	70	112	225
15	71	110	221
15	72	142	285
15	73	83	165
15	74	112	225
15	75	130	261
15	76	37	75
15	77	39	78
15	78	62	124
15	79	37	75
16	0	67	134
16	1	76	153
16	2	103	206
16	3	80	160
16	4	88	177
16	5	76	153
16	6	56	113
16	7	60	121
16	8	75	150
16	9	56	113
16	10	131	261
16	11	129	258
16	12	46	93
16	13	25	49
16	14	43	85
16	15	39	79
16	16	0	0
16	17	46	93
16	18	163	326
16	19	94	189
16	20	96	193
16	21	87	175
16	22	163	326
16	23	121	244
16	24	168	337
16	25	83	166
16	26	151	302
16	27	121	244
16	28	52	104
16	29	36	73
16	30	97	194
16	31	52	104
16	32	18	36
16	33	110	221
16	34	34	67
16	35	153	307
16	36	142	285
16	37	110	221
16	38	51	103
16	39	97	195
16	40	58	116
16	41	51	103
16	42	96	192
16	43	66	131
16	44	65	130
16	45	51	101
16	46	129	258
16	47	66	131
16	48	118	236
16	49	52	104
16	50	96	192
16	51	152	303
16	52	163	326
16	53	118	236
16	54	194	389
16	55	214	427
16	56	150	300
16	57	203	407
16	58	231	463
16	59	194	389
16	60	115	231
16	61	89	179
16	62	161	323
16	63	154	308
16	64	101	202
16	65	115	231
16	66	22	45
16	67	15	30
16	68	60	121
16	69	22	45
16	70	75	150
16	71	75	150
16	72	105	210
16	73	46	91
16	74	75	150
16	75	92	185
16	76	66	133
16	77	67	135
16	78	40	80
16	79	66	133
17	0	23	47
17	1	31	61
17	2	77	153
17	3	44	88
17	4	42	85
17	5	31	61
17	6	91	183
17	7	102	205
17	8	100	201
17	9	91	183
17	10	131	262
17	11	103	205
17	12	0	0
17	13	22	44
17	14	5	10
17	15	12	25
17	16	46	93
17	17	0	0
17	18	117	234
17	19	51	103
17	20	51	101
17	21	42	85
17	22	117	234
17	23	87	173
17	24	141	283
17	25	39	79
17	26	112	225
17	27	87	173
17	28	82	164
17	29	66	131
17	30	142	285
17	31	82	164
17	32	49	99
17	33	68	137
17	34	15	29
17	35	122	245
17	36	96	193
17	37	68	137
17	38	28	56
17	39	92	184
17	40	43	87
17	41	28	56
17	42	142	285
17	43	80	160
17	44	80	161
17	45	90	181
17	46	150	300
17	47	80	160
17	48	133	266
17	49	76	152
17	50	111	222
17	51	149	299
17	52	174	349
17	53	133	266
17	54	160	319
17	55	189	378
17	56	122	243
17	57	165	330
17	58	193	387
17	59	160	319
17	60	71	142
17	61	44	89
17	62	115	231
17	63	112	224
17	64	59	118
17	65	71	142
17	66	26	52
17	67	32	63
17	68	106	213
17	69	26	52
17	70	115	231
17	71	112	224
17	72	145	290
17	73	91	182
17	74	115	231
17	75	138	277
17	76	25	51
17	77	27	53
17	78	74	147
17	79	25	51
18	0	98	197
18	1	87	175
18	2	115	229
18	3	99	199
18	4	75	151
18	5	87	175
18	6	201	402
18	7	217	434
18	8	201	403
18	9	201	402
18	10	190	380
18	11	118	236
18	12	117	234
18	13	139	277
18	14	121	242
18	15	125	250
18	16	163	326
18	17	117	234
18	18	0	0
18	19	78	156
18	20	67	134
18	21	78	156
18	22	0	0
18	23	91	183
18	24	135	269
18	25	85	171
18	26	79	158
18	27	91	183
18	28	190	381
18	29	176	352
18	30	258	517
18	31	190	381
18	32	163	327
18	33	71	142
18	34	130	261
18	35	113	226
18	36	24	49
18	37	71	142
18	38	123	247
18	39	159	318
18	40	131	263
18	41	123	247
18	42	259	518
18	43	176	352
18	44	177	354
18	45	203	407
18	46	238	476
18	47	176	352
18	48	215	429
18	49	180	360
18	50	197	394
18	51	198	396
18	52	242	484
18	53	215	429
18	54	119	238
18	55	173	347
18	56	121	243
18	57	104	208
18	58	127	254
18	59	119	238
18	60	57	114
18	61	76	152
18	62	4	8
18	63	58	116
18	64	73	146
18	65	57	114
18	66	142	284
18	67	148	297
18	68	223	446
18	69	142	284
18	70	228	456
18	71	222	444
18	72	255	510
18	73	207	415
18	74	228	456
18	75	255	511
18	76	101	202
18	77	101	201
18	78	184	369
18	79	101	202
19	0	28	57
19	1	24	49
19	2	48	95
19	3	22	43
19	4	34	68
19	5	24	49
19	6	142	286
19	7	141	284
19	8	151	303
19	9	142	286
19	10	169	339
19	11	119	239
19	12	51	103
19	13	70	140
19	14	53	107
19	15	63	127
19	16	94	189
19	17	51	103
19	18	78	156
19	19	0	0
19	20	21	43
19	21	14	27
19	22	78	156
19	23	42	83
19	24	100	200
19	25	12	24
19	26	62	124
19	27	42	83
19	28	113	227
19	29	100	200
19	30	184	369
19	31	113	227
19	32	100	201
19	33	17	34
19	34	61	122
19	35	79	157
19	36	54	108
19	37	17	34
19	38	47	95
19	39	86	172
19	40	54	107
19	41	47	95
19	42	187	373
19	43	98	196
19	44	99	199
19	45	128	256
19	46	162	324
19	47	98	196
19	48	179	359
19	49	127	253
19	50	158	316
19	51	185	369
19	52	217	435
19	53	179	359
19	54	111	223
19	55	148	296
19	56	81	162
19	57	114	228
19	58	143	285
19	59	111	223
19	60	58	116
19	61	40	81
19	62	75	150
19	63	98	196
19	64	58	115
19	65	58	116
19	66	72	144
19	67	81	163
19	68	154	309
19	69	72	144
19	70	152	305
19	71	145	291
19	72	178	357
19	73	140	280
19	74	152	305
19	75	186	373
19	76	28	56
19	77	27	54
19	78	125	250
19	79	28	56
20	0	31	63
20	1	20	41
20	2	69	138
20	3	39	79
20	4	16	31
20	5	20	41
20	6	139	279
20	7	150	300
20	8	144	289
20	9	139	279
20	10	154	307
20	11	99	199
20	12	51	101
20	13	72	144
20	14	54	108
20	15	60	120
20	16	96	193
20	17	51	101
20	18	67	134
20	19	21	43
20	20	0	0
20	21	13	25
20	22	67	134
20	23	61	122
20	24	119	239
20	25	21	42
20	26	75	150
20	27	61	122
20	28	124	249
20	29	109	219
20	30	191	383
20	31	124	249
20	32	99	198
20	33	32	65
20	34	63	127
20	35	97	194
20	36	46	92
20	37	32	65
20	38	58	115
20	39	106	212
20	40	68	136
20	41	58	115
20	42	192	384
20	43	113	226
20	44	114	228
20	45	136	274
20	46	180	359
20	47	113	226
20	48	168	335
20	49	121	241
20	50	147	294
20	51	168	336
20	52	203	406
20	53	168	335
20	54	126	251
20	55	166	333
20	56	100	201
20	57	125	250
20	58	153	306
20	59	126	251
20	60	37	73
20	61	22	43
20	62	65	131
20	63	78	155
20	64	37	74
20	65	37	73
20	66	75	151
20	67	82	164
20	68	156	314
20	69	75	151
20	70	161	324
20	71	156	312
20	72	189	378
20	73	142	283
20	74	161	324
20	75	188	378
20	76	35	69
20	77	35	69
20	78	122	244
20	79	35	69
21	0	21	41
21	1	12	24
21	2	59	118
21	3	27	55
21	4	21	42
21	5	12	24
21	6	133	266
21	7	139	278
21	8	140	280
21	9	133	266
21	10	156	312
21	11	106	213
21	12	42	85
21	13	63	126
21	14	45	90
21	15	53	106
21	16	87	175
21	17	42	85
21	18	78	156
21	19	14	27
21	20	13	25
21	21	0	0
21	22	78	156
21	23	55	110
21	24	114	227
21	25	9	17
21	26	75	149
21	27	55	110
21	28	112	225
21	29	98	196
21	30	181	361
21	31	112	225
21	32	91	183
21	33	30	59
21	34	54	108
21	35	92	184
21	36	56	112
21	37	30	59
21	38	46	91
21	39	94	188
21	40	55	111
21	41	46	91
21	42	182	364
21	43	100	201
21	44	101	203
21	45	126	251
21	46	167	334
21	47	100	201
21	48	167	333
21	49	116	231
21	50	145	291
21	51	171	342
21	52	204	408
21	53	167	333
21	54	124	249
21	55	161	323
21	56	95	189
21	57	126	252
21	58	155	309
21	59	124	249
21	60	48	96
21	61	27	55
21	62	76	152
21	63	90	180
21	64	45	91
21	65	48	96
21	66	65	131
21	67	73	147
21	68	147	296
21	69	65	131
21	70	150	300
21	71	144	288
21	72	177	354
21	73	133	266
21	74	150	300
21	75	179	360
21	76	23	46
21	77	23	45
21	78	115	230
21	79	23	46
22	0	98	197
22	1	87	175
22	2	115	229
22	3	99	199
22	4	75	151
22	5	87	175
22	6	201	402
22	7	217	434
22	8	201	403
22	9	201	402
22	10	190	380
22	11	118	236
22	12	117	234
22	13	139	277
22	14	121	242
22	15	125	250
22	16	163	326
22	17	117	234
22	18	0	0
22	19	78	156
22	20	67	134
22	21	78	156
22	22	0	0
22	23	91	183
22	24	135	269
22	25	85	171
22	26	79	158
22	27	91	183
22	28	190	381
22	29	176	352
22	30	258	517
22	31	190	381
22	32	163	327
22	33	71	142
22	34	130	261
22	35	113	226
22	36	24	49
22	37	71	142
22	38	123	247
22	39	159	318
22	40	131	263
22	41	123	247
22	42	259	518
22	43	176	352
22	44	177	354
22	45	203	407
22	46	238	476
22	47	176	352
22	48	215	429
22	49	180	360
22	50	197	394
22	51	198	396
22	52	242	484
22	53	215	429
22	54	119	238
22	55	173	347
22	56	121	243
22	57	104	208
22	58	127	254
22	59	119	238
22	60	57	114
22	61	76	152
22	62	4	8
22	63	58	116
22	64	73	146
22	65	57	114
22	66	142	284
22	67	148	297
22	68	223	446
22	69	142	284
22	70	228	456
22	71	222	444
22	72	255	510
22	73	207	415
22	74	228	456
22	75	255	511
22	76	101	202
22	77	101	201
22	78	184	369
22	79	101	202
23	0	65	130
23	1	65	130
23	2	28	56
23	3	43	87
23	4	75	150
23	5	65	130
23	6	175	351
23	7	157	314
23	8	187	374
23	9	175	351
23	10	211	422
23	11	160	320
23	12	87	173
23	13	101	201
23	14	87	174
23	15	99	198
23	16	121	244
23	17	87	173
23	18	91	183
23	19	42	83
23	20	61	122
23	21	55	110
23	22	91	183
23	23	0	0
23	24	59	117
23	25	52	103
23	26	31	63
23	27	0	0
23	28	124	249
23	29	116	231
23	30	200	401
23	31	124	249
23	32	132	265
23	33	29	58
23	34	92	184
23	35	37	74
23	36	68	137
23	37	29	58
23	38	70	141
23	39	73	145
23	40	67	134
23	41	70	141
23	42	205	410
23	43	102	203
23	44	103	206
23	45	143	286
23	46	153	305
23	47	102	203
23	48	219	438
23	49	162	324
23	50	197	394
23	51	226	452
23	52	258	516
23	53	219	438
23	54	73	147
23	55	106	213
23	56	40	79
23	57	82	164
23	58	110	220
23	59	73	147
23	60	94	188
23	61	82	163
23	62	88	175
23	63	129	259
23	64	97	195
23	65	94	188
23	66	100	201
23	67	112	224
23	68	178	356
23	69	100	201
23	70	164	329
23	71	155	310
23	72	186	372
23	73	166	331
23	74	164	329
23	75	209	417
23	76	62	123
23	77	60	120
23	78	157	315
23	79	62	123
24	0	121	243
24	1	123	246
24	2	66	132
24	3	98	196
24	4	134	267
24	5	123	246
24	6	224	449
24	7	189	378
24	8	239	479
24	9	224	449
24	10	269	538
24	11	218	437
24	12	141	283
24	13	151	302
24	14	140	281
24	15	153	307
24	16	168	337
24	17	141	283
24	18	135	269
24	19	100	200
24	20	119	239
24	21	114	227
24	22	135	269
24	23	59	117
24	24	0	0
24	25	110	219
24	26	56	111
24	27	59	117
24	28	155	310
24	29	152	304
24	30	230	461
24	31	155	310
24	32	182	364
24	33	87	174
24	34	143	287
24	35	23	46
24	36	116	233
24	37	87	174
24	38	120	239
24	39	87	174
24	40	110	221
24	41	120	239
24	42	238	475
24	43	128	255
24	44	130	259
24	45	176	352
24	46	154	308
24	47	128	255
24	48	274	549
24	49	214	429
24	50	252	504
24	51	285	569
24	52	315	630
24	53	274	549
24	54	41	83
24	55	48	96
24	56	20	40
24	57	66	132
24	58	83	167
24	59	41	83
24	60	151	302
24	61	140	280
24	62	131	261
24	63	182	365
24	64	156	311
24	65	151	302
24	66	149	298
24	67	161	323
24	68	218	436
24	69	149	298
24	70	193	385
24	71	181	361
24	72	207	414
24	73	208	416
24	74	193	385
24	75	246	491
24	76	117	234
24	77	116	231
24	78	207	414
24	79	117	234
25	0	16	33
25	1	14	27
25	2	52	104
25	3	19	38
25	4	28	56
25	5	14	27
25	6	130	262
25	7	132	265
25	8	139	279
25	9	130	262
25	10	159	319
25	11	113	226
25	12	39	79
25	13	59	117
25	14	41	83
25	15	51	103
25	16	83	166
25	17	39	79
25	18	85	171
25	19	12	24
25	20	21	42
25	21	9	17
25	22	85	171
25	23	52	103
25	24	110	219
25	25	0	0
25	26	74	148
25	27	52	103
25	28	105	210
25	29	91	182
25	30	175	349
25	31	105	210
25	32	88	178
25	33	29	58
25	34	50	99
25	35	88	177
25	36	62	124
25	37	29	58
25	38	38	76
25	39	86	171
25	40	47	94
25	41	38	76
25	42	176	352
25	43	92	184
25	44	93	186
25	45	119	238
25	46	159	317
25	47	92	184
25	48	168	336
25	49	115	229
25	50	146	293
25	51	175	351
25	52	207	414
25	53	168	336
25	54	123	245
25	55	157	315
25	56	90	180
25	57	126	252
25	58	155	309
25	59	123	245
25	60	57	113
25	61	35	69
25	62	83	166
25	63	98	197
25	64	53	106
25	65	57	113
25	66	61	121
25	67	69	139
25	68	143	286
25	69	61	121
25	70	143	287
25	71	137	274
25	72	170	340
25	73	129	257
25	74	143	287
25	75	175	350
25	76	17	33
25	77	16	32
25	78	113	226
25	79	17	33
26	0	89	179
26	1	86	172
26	2	58	117
26	3	71	143
26	4	91	181
26	5	86	172
26	6	203	406
26	7	188	377
26	8	212	426
26	9	203	406
26	10	229	457
26	11	171	341
26	12	112	225
26	13	129	257
26	14	113	227
26	15	124	249
26	16	151	302
26	17	112	225
26	18	79	158
26	19	62	124
26	20	75	150
26	21	75	149
26	22	79	158
26	23	31	63
26	24	56	111
26	25	74	148
26	26	0	0
26	27	31	63
26	28	155	311
26	29	147	294
26	30	231	463
26	31	155	311
26	32	160	320
26	33	45	90
26	34	120	239
26	35	34	68
26	36	61	123
26	37	45	90
26	38	100	200
26	39	101	202
26	40	98	196
26	41	100	200
26	42	236	472
26	43	132	265
26	44	134	269
26	45	174	349
26	46	180	361
26	47	132	265
26	48	241	482
26	49	188	376
26	50	220	440
26	51	243	486
26	52	278	556
26	53	241	482
26	54	51	101
26	55	97	195
26	56	43	87
26	57	53	106
26	58	81	163
26	59	51	101
26	60	101	202
26	61	97	193
26	62	75	150
26	63	128	256
26	64	109	217
26	65	101	202
26	66	129	258
26	67	140	280
26	68	209	417
26	69	129	258
26	70	195	392
26	71	186	372
26	72	217	434
26	73	196	391
26	74	195	392
26	75	239	479
26	76	87	175
26	77	86	172
26	78	185	371
26	79	87	175
27	0	65	130
27	1	65	130
27	2	28	56
27	3	43	87
27	4	75	150
27	5	65	130
27	6	175	351
27	7	157	314
27	8	187	374
27	9	175	351
27	10	211	422
27	11	160	320
27	12	87	173
27	13	101	201
27	14	87	174
27	15	99	198
27	16	121	244
27	17	87	173
27	18	91	183
27	19	42	83
27	20	61	122
27	21	55	110
27	22	91	183
27	23	0	0
27	24	59	117
27	25	52	103
27	26	31	63
27	27	0	0
27	28	124	249
27	29	116	231
27	30	200	401
27	31	124	249
27	32	132	265
27	33	29	58
27	34	92	184
27	35	37	74
27	36	68	137
27	37	29	58
27	38	70	141
27	39	73	145
27	40	67	134
27	41	70	141
27	42	205	410
27	43	102	203
27	44	103	206
27	45	143	286
27	46	153	305
27	47	102	203
27	48	219	438
27	49	162	324
27	50	197	394
27	51	226	452
27	52	258	516
27	53	219	438
27	54	73	147
27	55	106	213
27	56	40	79
27	57	82	164
27	58	110	220
27	59	73	147
27	60	94	188
27	61	82	163
27	62	88	175
27	63	129	259
27	64	97	195
27	65	94	188
27	66	100	201
27	67	112	224
27	68	178	356
27	69	100	201
27	70	164	329
27	71	155	310
27	72	186	372
27	73	166	331
27	74	164	329
27	75	209	417
27	76	62	123
27	77	60	120
27	78	157	315
27	79	62	123
28	0	93	187
28	1	105	210
28	2	98	196
28	3	92	185
28	4	122	244
28	5	105	210
28	6	94	188
28	7	34	68
28	8	118	236
28	9	94	188
28	10	181	363
28	11	179	357
28	12	82	164
28	13	64	128
28	14	77	154
28	15	82	164
28	16	52	104
28	17	82	164
28	18	190	381
28	19	113	227
28	20	124	249
28	21	112	225
28	22	190	381
28	23	124	249
28	24	155	310
28	25	105	210
28	26	155	311
28	27	124	249
28	28	0	0
28	29	17	34
28	30	77	153
28	31	0	0
28	32	69	138
28	33	125	250
28	34	68	136
28	35	146	293
28	36	167	334
28	37	125	250
28	38	67	134
28	39	70	139
28	40	60	121
28	41	67	134
28	42	83	165
28	43	28	56
28	44	26	52
28	45	21	43
28	46	78	155
28	47	28	56
28	48	164	328
28	49	99	199
28	50	144	287
28	51	203	405
28	52	210	419
28	53	164	328
28	54	189	378
28	55	194	388
28	56	140	280
28	57	204	408
28	58	230	461
28	59	189	378
28	60	152	305
28	61	125	250
28	62	188	376
28	63	194	388
28	64	141	282
28	65	152	305
28	66	58	117
28	67	62	124
28	68	68	136
28	69	58	117
28	70	40	81
28	71	32	64
28	72	65	130
28	73	63	126
28	74	40	81
28	75	91	183
28	76	90	180
28	77	90	180
28	78	84	167
28	79	90	180
29	0	78	157
29	1	90	180
29	2	91	182
29	3	80	161
29	4	106	212
29	5	90	180
29	6	84	169
29	7	42	84
29	8	107	213
29	9	84	169
29	10	167	334
29	11	162	323
29	12	66	131
29	13	47	94
29	14	61	121
29	15	65	130
29	16	36	73
29	17	66	131
29	18	176	352
29	19	100	200
29	20	109	219
29	21	98	196
29	22	176	352
29	23	116	231
29	24	152	304
29	25	91	182
29	26	147	294
29	27	116	231
29	28	17	34
29	29	0	0
29	30	85	171
29	31	17	34
29	32	54	109
29	33	113	226
29	34	51	103
29	35	141	282
29	36	153	306
29	37	113	226
29	38	53	106
29	39	71	141
29	40	49	98
29	41	53	106
29	42	89	179
29	43	32	64
29	44	31	61
29	45	28	56
29	46	93	186
29	47	32	64
29	48	152	304
29	49	86	173
29	50	131	262
29	51	188	376
29	52	197	395
29	53	152	304
29	54	183	367
29	55	194	387
29	56	135	271
29	57	197	394
29	58	224	447
29	59	183	367
29	60	136	273
29	61	109	218
29	62	174	348
29	63	177	355
29	64	124	249
29	65	136	273
29	66	41	83
29	67	45	91
29	68	66	133
29	69	41	83
29	70	52	105
29	71	47	94
29	72	80	160
29	73	58	116
29	74	52	105
29	75	94	188
29	76	75	150
29	77	75	151
29	78	72	143
29	79	75	150
30	0	160	320
30	1	171	342
30	2	175	349
30	3	165	331
30	4	184	370
30	5	171	342
30	6	93	187
30	7	43	87
30	8	117	234
30	9	93	187
30	10	193	385
30	11	218	436
30	12	142	285
30	13	121	241
30	14	138	276
30	15	136	273
30	16	97	194
30	17	142	285
30	18	258	517
30	19	184	369
30	20	191	383
30	21	181	361
30	22	258	517
30	23	200	401
30	24	230	461
30	25	175	349
30	26	231	463
30	27	200	401
30	28	77	153
30	29	85	171
30	30	0	0
30	31	77	153
30	32	104	207
30	33	198	396
30	34	128	257
30	35	223	445
30	36	236	473
30	37	198	396
30	38	137	274
30	39	144	288
30	40	134	269
30	41	137	274
30	42	13	26
30	43	103	206
30	44	101	202
30	45	57	115
30	46	112	223
30	47	103	206
30	48	161	321
30	49	113	226
30	50	147	294
30	51	214	427
30	52	202	404
30	53	161	321
30	54	265	530
30	55	267	534
30	56	216	432
30	57	281	561
30	58	307	614
30	59	265	530
30	60	212	425
30	61	186	373
30	62	256	513
30	63	251	502
30	64	198	396
30	65	212	425
30	66	117	233
30	67	112	224
30	68	47	94
30	69	117	233
30	70	38	76
30	71	51	101
30	72	40	79
30	73	61	123
30	74	38	76
30	75	34	68
30	76	158	316
30	77	159	317
30	78	97	195
30	79	158	316
31	0	93	187
31	1	105	210
31	2	98	196
31	3	92	185
31	4	122	244
31	5	105	210
31	6	94	188
31	7	34	68
31	8	118	236
31	9	94	188
31	10	181	363
31	11	179	357
31	12	82	164
31	13	64	128
31	14	77	154
31	15	82	164
31	16	52	104
31	17	82	164
31	18	190	381
31	19	113	227
31	20	124	249
31	21	112	225
31	22	190	381
31	23	124	249
31	24	155	310
31	25	105	210
31	26	155	311
31	27	124	249
31	28	0	0
31	29	17	34
31	30	77	153
31	31	0	0
31	32	69	138
31	33	125	250
31	34	68	136
31	35	146	293
31	36	167	334
31	37	125	250
31	38	67	134
31	39	70	139
31	40	60	121
31	41	67	134
31	42	83	165
31	43	28	56
31	44	26	52
31	45	21	43
31	46	78	155
31	47	28	56
31	48	164	328
31	49	99	199
31	50	144	287
31	51	203	405
31	52	210	419
31	53	164	328
31	54	189	378
31	55	194	388
31	56	140	280
31	57	204	408
31	58	230	461
31	59	189	378
31	60	152	305
31	61	125	250
31	62	188	376
31	63	194	388
31	64	141	282
31	65	152	305
31	66	58	117
31	67	62	124
31	68	68	136
31	69	58	117
31	70	40	81
31	71	32	64
31	72	65	130
31	73	63	126
31	74	40	81
31	75	91	183
31	76	90	180
31	77	90	180
31	78	84	167
31	79	90	180
32	0	72	145
32	1	80	160
32	2	116	233
32	3	89	178
32	4	88	177
32	5	80	160
32	6	43	86
32	7	72	144
32	8	58	116
32	9	43	86
32	10	113	225
32	11	116	233
32	12	49	99
32	13	32	64
32	14	47	95
32	15	39	78
32	16	18	36
32	17	49	99
32	18	163	327
32	19	100	201
32	20	99	198
32	21	91	183
32	22	163	327
32	23	132	265
32	24	182	364
32	25	88	178
32	26	160	320
32	27	132	265
32	28	69	138
32	29	54	109
32	30	104	207
32	31	69	138
32	32	0	0
32	33	117	235
32	34	41	81
32	35	166	331
32	36	145	290
32	37	117	235
32	38	63	126
32	39	114	229
32	40	72	145
32	41	63	126
32	42	100	201
32	43	84	167
32	44	83	166
32	45	65	129
32	46	147	293
32	47	84	167
32	48	100	200
32	49	34	69
32	50	78	156
32	51	134	267
32	52	145	290
32	53	100	200
32	54	205	411
32	55	228	456
32	56	163	326
32	57	213	426
32	58	241	483
32	59	205	411
32	60	112	224
32	61	88	176
32	62	162	325
32	63	148	296
32	64	97	194
32	65	112	224
32	66	33	66
32	67	21	42
32	68	61	122
32	69	33	66
32	70	87	174
32	71	89	178
32	72	117	235
32	73	45	90
32	74	87	174
32	75	93	186
32	76	73	147
32	77	74	149
32	78	25	51
32	79	73	147
33	0	45	91
33	1	41	82
33	2	45	89
33	3	33	65
33	4	47	95
33	5	41	82
33	6	159	320
33	7	155	310
33	8	168	337
33	9	159	320
33	10	185	370
33	11	131	263
33	12	68	137
33	13	86	173
33	14	70	140
33	15	80	161
33	16	110	221
33	17	68	137
33	18	71	142
33	19	17	34
33	20	32	65
33	21	30	59
33	22	71	142
33	23	29	58
33	24	87	174
33	25	29	58
33	26	45	90
33	27	29	58
33	28	125	250
33	29	113	226
33	30	198	396
33	31	125	250
33	32	117	235
33	33	0	0
33	34	77	155
33	35	65	129
33	36	47	93
33	37	0	0
33	38	61	123
33	39	88	177
33	40	65	129
33	41	61	123
33	42	201	402
33	43	107	214
33	44	108	217
33	45	141	282
33	46	167	334
33	47	107	214
33	48	196	392
33	49	144	287
33	50	175	350
33	51	199	400
33	52	234	467
33	53	196	392
33	54	95	190
33	55	134	268
33	56	68	137
33	57	97	194
33	58	126	251
33	59	95	190
33	60	65	130
33	61	54	107
33	62	68	136
33	63	101	203
33	64	69	137
33	65	65	130
33	66	88	176
33	67	97	195
33	68	170	339
33	69	88	176
33	70	165	329
33	71	157	314
33	72	189	379
33	73	156	312
33	74	165	329
33	75	201	403
33	76	44	88
33	77	43	86
33	78	142	284
33	79	44	88
34	0	34	67
34	1	43	86
34	2	77	155
34	3	49	97
34	4	57	113
34	5	43	86
34	6	84	167
34	7	88	176
34	8	96	192
34	9	84	167
34	10	135	270
34	11	114	228
34	12	15	29
34	13	9	18
34	14	10	20
34	15	16	32
34	16	34	67
34	17	15	29
34	18	130	261
34	19	61	122
34	20	63	127
34	21	54	108
34	22	130	261
34	23	92	184
34	24	143	287
34	25	50	99
34	26	120	239
34	27	92	184
34	28	68	136
34	29	51	103
34	30	128	257
34	31	68	136
34	32	41	81
34	33	77	155
34	34	0	0
34	35	126	252
34	36	109	218
34	37	77	155
34	38	24	48
34	39	85	171
34	40	37	75
34	41	24	48
34	42	129	257
34	43	68	136
34	44	68	136
34	45	76	152
34	46	138	275
34	47	68	136
34	48	132	265
34	49	71	142
34	50	110	220
34	51	154	309
34	52	176	351
34	53	132	265
34	54	165	330
34	55	190	380
34	56	124	248
34	57	173	345
34	58	201	402
34	59	165	330
34	60	86	171
34	61	59	118
34	62	128	257
34	63	126	253
34	64	73	147
34	65	86	171
34	66	12	24
34	67	20	41
34	68	94	188
34	69	12	24
34	70	101	202
34	71	98	195
34	72	130	261
34	73	79	158
34	74	101	202
34	75	126	252
34	76	33	67
34	77	34	69
34	78	66	132
34	79	33	67
35	0	101	202
35	1	102	204
35	2	51	101
35	3	79	157
35	4	112	223
35	5	102	204
35	6	209	417
35	7	180	361
35	8	222	444
35	9	209	417
35	10	247	495
35	11	196	392
35	12	122	245
35	13	134	268
35	14	122	244
35	15	134	269
35	16	153	307
35	17	122	245
35	18	113	226
35	19	79	157
35	20	97	194
35	21	92	184
35	22	113	226
35	23	37	74
35	24	23	46
35	25	88	177
35	26	34	68
35	27	37	74
35	28	146	293
35	29	141	282
35	30	223	445
35	31	146	293
35	32	166	331
35	33	65	129
35	34	126	252
35	35	0	0
35	36	94	188
35	37	65	129
35	38	103	206
35	39	82	165
35	40	96	191
35	41	103	206
35	42	229	458
35	43	120	240
35	44	122	244
35	45	167	333
35	46	157	314
35	47	120	240
35	48	255	510
35	49	197	394
35	50	233	466
35	51	263	526
35	52	295	590
35	53	255	510
35	54	43	85
35	55	70	139
35	56	10	21
35	57	61	122
35	58	85	169
35	59	43	85
35	60	128	256
35	61	118	236
35	62	109	218
35	63	159	319
35	64	133	266
35	65	128	256
35	66	133	266
35	67	145	290
35	68	206	413
35	69	133	266
35	70	185	371
35	71	174	348
35	72	203	406
35	73	195	390
35	74	185	371
35	75	235	470
35	76	98	195
35	77	96	192
35	78	191	382
35	79	98	195
36	0	76	153
36	1	66	132
36	2	91	181
36	3	75	150
36	4	57	114
36	5	66	132
36	6	184	368
36	7	194	389
36	8	186	373
36	9	184	368
36	10	184	368
36	11	117	234
36	12	96	193
36	13	118	236
36	14	100	200
36	15	106	212
36	16	142	285
36	17	96	193
36	18	24	49
36	19	54	108
36	20	46	92
36	21	56	112
36	22	24	49
36	23	68	137
36	24	116	233
36	25	62	124
36	26	61	123
36	27	68	137
36	28	167	334
36	29	153	306
36	30	236	473
36	31	167	334
36	32	145	290
36	33	47	93
36	34	109	218
36	35	94	188
36	36	0	0
36	37	47	93
36	38	100	200
36	39	135	270
36	40	107	215
36	41	100	200
36	42	237	475
36	43	152	303
36	44	153	306
36	45	181	362
36	46	214	427
36	47	152	303
36	48	205	409
36	49	164	328
36	50	186	371
36	51	195	389
36	52	236	472
36	53	205	409
36	54	107	214
36	55	158	317
36	56	101	203
36	57	97	194
36	58	123	246
36	59	107	214
36	60	49	97
36	61	59	119
36	62	21	43
36	63	67	134
36	64	62	124
36	65	49	97
36	66	121	242
36	67	128	256
36	68	202	406
36	69	121	242
36	70	205	411
36	71	199	398
36	72	232	464
36	73	187	375
36	74	205	411
36	75	234	470
36	76	78	157
36	77	78	156
36	78	167	334
36	79	78	157
37	0	45	91
37	1	41	82
37	2	45	89
37	3	33	65
37	4	47	95
37	5	41	82
37	6	159	320
37	7	155	310
37	8	168	337
37	9	159	320
37	10	185	370
37	11	131	263
37	12	68	137
37	13	86	173
37	14	70	140
37	15	80	161
37	16	110	221
37	17	68	137
37	18	71	142
37	19	17	34
37	20	32	65
37	21	30	59
37	22	71	142
37	23	29	58
37	24	87	174
37	25	29	58
37	26	45	90
37	27	29	58
37	28	125	250
37	29	113	226
37	30	198	396
37	31	125	250
37	32	117	235
37	33	0	0
37	34	77	155
37	35	65	129
37	36	47	93
37	37	0	0
37	38	61	123
37	39	88	177
37	40	65	129
37	41	61	123
37	42	201	402
37	43	107	214
37	44	108	217
37	45	141	282
37	46	167	334
37	47	107	214
37	48	196	392
37	49	144	287
37	50	175	350
37	51	199	400
37	52	234	467
37	53	196	392
37	54	95	190
37	55	134	268
37	56	68	137
37	57	97	194
37	58	126	251
37	59	95	190
37	60	65	130
37	61	54	107
37	62	68	136
37	63	101	203
37	64	69	137
37	65	65	130
37	66	88	176
37	67	97	195
37	68	170	339
37	69	88	176
37	70	165	329
37	71	157	314
37	72	189	379
37	73	156	312
37	74	165	329
37	75	201	403
37	76	44	88
37	77	43	86
37	78	142	284
37	79	44	88
38	0	27	54
38	1	39	78
38	2	54	107
38	3	29	58
38	4	57	114
38	5	39	78
38	6	106	212
38	7	94	189
38	8	119	240
38	9	106	212
38	10	157	315
38	11	129	259
38	12	28	56
38	13	31	63
38	14	24	49
38	15	37	75
38	16	51	103
38	17	28	56
38	18	123	247
38	19	47	95
38	20	58	115
38	21	46	91
38	22	123	247
38	23	70	141
38	24	120	239
38	25	38	76
38	26	100	200
38	27	70	141
38	28	67	134
38	29	53	106
38	30	137	274
38	31	67	134
38	32	63	126
38	33	61	123
38	34	24	48
38	35	103	206
38	36	100	200
38	37	61	123
38	38	0	0
38	39	64	129
38	40	16	31
38	41	0	0
38	42	140	279
38	43	57	114
38	44	58	116
38	45	81	162
38	46	126	252
38	47	57	114
38	48	156	313
38	49	94	190
38	50	134	268
38	51	176	353
38	52	199	399
38	53	156	313
38	54	143	286
38	55	166	332
38	56	100	201
38	57	152	305
38	58	180	361
38	59	143	286
38	60	88	176
38	61	61	123
38	62	121	242
38	63	130	261
38	64	79	158
38	65	88	176
38	66	30	60
38	67	42	84
38	68	109	218
38	69	30	60
38	70	105	211
38	71	99	198
38	72	132	264
38	73	96	191
38	74	105	211
38	75	140	281
38	76	23	46
38	77	23	46
38	78	88	176
38	79	23	46
39	0	85	170
39	1	94	189
39	2	45	91
39	3	67	133
39	4	113	225
39	5	94	189
39	6	152	305
39	7	104	207
39	8	172	344
39	9	152	305
39	10	220	440
39	11	193	385
39	12	92	184
39	13	89	179
39	14	88	177
39	15	101	202
39	16	97	195
39	17	92	184
39	18	159	318
39	19	86	172
39	20	106	212
39	21	94	188
39	22	159	318
39	23	73	145
39	24	87	174
39	25	86	171
39	26	101	202
39	27	73	145
39	28	70	139
39	29	71	141
39	30	144	288
39	31	70	139
39	32	114	229
39	33	88	177
39	34	85	171
39	35	82	165
39	36	135	270
39	37	88	177
39	38	64	129
39	39	0	0
39	40	49	98
39	41	64	129
39	42	152	303
39	43	42	84
39	44	44	87
39	45	91	182
39	46	80	160
39	47	42	84
39	48	213	428
39	49	148	298
39	50	191	384
39	51	239	480
39	52	258	517
39	53	213	428
39	54	124	248
39	55	124	249
39	56	74	148
39	57	143	286
39	58	166	333
39	59	124	248
39	60	142	284
39	61	118	237
39	62	156	312
39	63	184	367
39	64	137	274
39	65	142	284
39	66	85	170
39	67	96	193
39	68	136	272
39	69	85	170
39	70	106	212
39	71	94	188
39	72	121	242
39	73	129	257
39	74	106	212
39	75	161	322
39	76	79	159
39	77	78	156
39	78	137	275
39	79	79	159
40	0	40	80
40	1	51	102
40	2	45	90
40	3	32	65
40	4	70	139
40	5	51	102
40	6	114	229
40	7	91	182
40	8	130	261
40	9	114	229
40	10	172	345
40	11	145	290
40	12	43	87
40	13	43	86
40	14	40	79
40	15	52	104
40	16	58	116
40	17	43	87
40	18	131	263
40	19	54	107
40	20	68	136
40	21	55	111
40	22	131	263
40	23	67	134
40	24	110	221
40	25	47	94
40	26	98	196
40	27	67	134
40	28	60	121
40	29	49	98
40	30	134	269
40	31	60	121
40	32	72	145
40	33	65	129
40	34	37	75
40	35	96	191
40	36	107	215
40	37	65	129
40	38	16	31
40	39	49	98
40	40	0	0
40	41	16	31
40	42	138	277
40	43	45	90
40	44	46	92
40	45	77	154
40	46	113	225
40	47	45	90
40	48	169	339
40	49	106	212
40	50	147	294
40	51	191	383
40	52	213	426
40	53	169	339
40	54	137	275
40	55	156	312
40	56	92	184
40	57	149	298
40	58	176	353
40	59	137	275
40	60	101	201
40	61	75	150
40	62	128	257
40	63	143	286
40	64	93	186
40	65	101	201
40	66	40	80
40	67	52	105
40	68	111	223
40	69	40	80
40	70	100	201
40	71	92	185
40	72	125	250
40	73	100	199
40	74	100	201
40	75	142	283
40	76	35	70
40	77	34	68
40	78	97	195
40	79	35	70
41	0	27	54
41	1	39	78
41	2	54	107
41	3	29	58
41	4	57	114
41	5	39	78
41	6	106	212
41	7	94	189
41	8	119	240
41	9	106	212
41	10	157	315
41	11	129	259
41	12	28	56
41	13	31	63
41	14	24	49
41	15	37	75
41	16	51	103
41	17	28	56
41	18	123	247
41	19	47	95
41	20	58	115
41	21	46	91
41	22	123	247
41	23	70	141
41	24	120	239
41	25	38	76
41	26	100	200
41	27	70	141
41	28	67	134
41	29	53	106
41	30	137	274
41	31	67	134
41	32	63	126
41	33	61	123
41	34	24	48
41	35	103	206
41	36	100	200
41	37	61	123
41	38	0	0
41	39	64	129
41	40	16	31
41	41	0	0
41	42	140	279
41	43	57	114
41	44	58	116
41	45	81	162
41	46	126	252
41	47	57	114
41	48	156	313
41	49	94	190
41	50	134	268
41	51	176	353
41	52	199	399
41	53	156	313
41	54	143	286
41	55	166	332
41	56	100	201
41	57	152	305
41	58	180	361
41	59	143	286
41	60	88	176
41	61	61	123
41	62	121	242
41	63	130	261
41	64	79	158
41	65	88	176
41	66	30	60
41	67	42	84
41	68	109	218
41	69	30	60
41	70	105	211
41	71	99	198
41	72	132	264
41	73	96	191
41	74	105	211
41	75	140	281
41	76	23	46
41	77	23	46
41	78	88	176
41	79	23	46
42	0	161	323
42	1	172	343
42	2	180	360
42	3	168	337
42	4	184	369
42	5	172	343
42	6	85	170
42	7	49	97
42	8	108	215
42	9	85	170
42	10	184	367
42	11	213	425
42	12	142	285
42	13	120	241
42	14	138	276
42	15	135	271
42	16	96	192
42	17	142	285
42	18	259	518
42	19	187	373
42	20	192	384
42	21	182	364
42	22	259	518
42	23	205	410
42	24	238	475
42	25	176	352
42	26	236	472
42	27	205	410
42	28	83	165
42	29	89	179
42	30	13	26
42	31	83	165
42	32	100	201
42	33	201	402
42	34	129	257
42	35	229	458
42	36	237	475
42	37	201	402
42	38	140	279
42	39	152	303
42	40	138	277
42	41	140	279
42	42	0	0
42	43	110	220
42	44	108	216
42	45	62	125
42	46	124	248
42	47	110	220
42	48	150	300
42	49	106	213
42	50	138	275
42	51	204	408
42	52	190	381
42	53	150	300
42	54	271	543
42	55	275	551
42	56	222	445
42	57	286	572
42	58	312	625
42	59	271	543
42	60	211	423
42	61	185	371
42	62	257	514
42	63	248	497
42	64	197	393
42	65	211	423
42	66	117	234
42	67	111	222
42	68	41	82
42	69	117	234
42	70	47	93
42	71	60	120
42	72	53	105
42	73	56	112
42	74	47	93
42	75	21	43
42	76	160	319
42	77	160	320
42	78	91	182
42	79	160	319
43	0	84	168
43	1	95	191
43	2	74	148
43	3	77	153
43	4	114	228
43	5	95	191
43	6	116	233
43	7	62	123
43	8	138	276
43	9	116	233
43	10	195	391
43	11	182	364
43	12	80	160
43	13	68	135
43	14	75	150
43	15	84	168
43	16	66	131
43	17	80	160
43	18	176	352
43	19	98	196
43	20	113	226
43	21	100	201
43	22	176	352
43	23	102	203
43	24	128	255
43	25	92	184
43	26	132	265
43	27	102	203
43	28	28	56
43	29	32	64
43	30	103	206
43	31	28	56
43	32	84	167
43	33	107	214
43	34	68	136
43	35	120	240
43	36	152	303
43	37	107	214
43	38	57	114
43	39	42	84
43	40	45	90
43	41	57	114
43	42	110	220
43	43	0	0
43	44	2	4
43	45	49	98
43	46	70	140
43	47	0	0
43	48	183	366
43	49	117	234
43	50	162	323
43	51	216	432
43	52	228	457
43	53	183	366
43	54	163	325
43	55	166	332
43	56	113	226
43	57	179	359
43	58	205	409
43	59	163	325
43	60	145	290
43	61	118	237
43	62	173	346
43	63	187	375
43	64	136	272
43	65	145	290
43	66	62	124
43	67	70	141
43	68	95	190
43	69	62	124
43	70	65	131
43	71	54	108
43	72	85	169
43	73	89	178
43	74	65	131
43	75	119	238
43	76	79	159
43	77	79	158
43	78	103	206
43	79	79	159
44	0	85	170
44	1	96	193
44	2	76	152
44	3	78	156
44	4	115	229
44	5	96	193
44	6	115	230
44	7	60	120
44	8	137	274
44	9	115	230
44	10	195	390
44	11	182	364
44	12	80	161
44	13	68	135
44	14	75	151
44	15	84	168
44	16	65	130
44	17	80	161
44	18	177	354
44	19	99	199
44	20	114	228
44	21	101	203
44	22	177	354
44	23	103	206
44	24	130	259
44	25	93	186
44	26	134	269
44	27	103	206
44	28	26	52
44	29	31	61
44	30	101	202
44	31	26	52
44	32	83	166
44	33	108	217
44	34	68	136
44	35	122	244
44	36	153	306
44	37	108	217
44	38	58	116
44	39	44	87
44	40	46	92
44	41	58	116
44	42	108	216
44	43	2	4
44	44	0	0
44	45	47	95
44	46	70	139
44	47	2	4
44	48	182	364
44	49	116	232
44	50	161	321
44	51	216	431
44	52	227	455
44	53	182	364
44	54	165	329
44	55	168	336
44	56	115	230
44	57	181	362
44	58	206	413
44	59	165	329
44	60	146	292
44	61	119	238
44	62	174	349
44	63	188	376
44	64	137	273
44	65	146	292
44	66	62	124
44	67	70	140
44	68	93	187
44	69	62	124
44	70	64	127
44	71	52	105
44	72	83	166
44	73	87	175
44	74	64	127
44	75	117	235
44	76	80	160
44	77	80	160
44	78	102	204
44	79	80	160
45	0	105	211
45	1	117	234
45	2	118	236
45	3	108	217
45	4	132	264
45	5	117	234
45	6	80	160
45	7	14	28
45	8	105	210
45	9	80	160
45	10	174	347
45	11	180	359
45	12	90	181
45	13	70	139
45	14	86	171
45	15	87	175
45	16	51	101
45	17	90	181
45	18	203	407
45	19	128	256
45	20	136	274
45	21	126	251
45	22	203	407
45	23	143	286
45	24	176	352
45	25	119	238
45	26	174	349
45	27	143	286
45	28	21	43
45	29	28	56
45	30	57	115
45	31	21	43
45	32	65	129
45	33	141	282
45	34	76	152
45	35	167	333
45	36	181	362
45	37	141	282
45	38	81	162
45	39	91	182
45	40	77	154
45	41	81	162
45	42	62	125
45	43	49	98
45	44	47	95
45	45	0	0
45	46	88	177
45	47	49	98
45	48	152	304
45	49	90	179
45	50	133	265
45	51	195	390
45	52	197	394
45	53	152	304
45	54	209	418
45	55	215	430
45	56	160	321
45	57	224	448
45	58	250	501
45	59	209	418
45	60	161	323
45	61	134	269
45	62	201	403
45	63	202	404
45	64	149	298
45	65	161	323
45	66	65	129
45	67	64	129
45	68	48	95
45	69	65	129
45	70	25	50
45	71	24	49
45	72	55	110
45	73	46	92
45	74	25	50
45	75	70	140
45	76	103	205
45	77	103	206
45	78	73	146
45	79	103	205
46	0	153	305
46	1	164	327
46	2	125	251
46	3	141	282
46	4	182	364
46	5	164	327
46	6	168	337
46	7	91	183
46	8	193	387
46	9	168	337
46	10	259	518
46	11	252	503
46	12	150	300
46	13	137	273
46	14	145	290
46	15	154	307
46	16	129	258
46	17	150	300
46	18	238	476
46	19	162	324
46	20	180	359
46	21	167	334
46	22	238	476
46	23	153	305
46	24	154	308
46	25	159	317
46	26	180	361
46	27	153	305
46	28	78	155
46	29	93	186
46	30	112	223
46	31	78	155
46	32	147	293
46	33	167	334
46	34	138	275
46	35	157	314
46	36	214	427
46	37	167	334
46	38	126	252
46	39	80	160
46	40	113	225
46	41	126	252
46	42	124	248
46	43	70	140
46	44	70	139
46	45	88	177
46	46	0	0
46	47	70	140
46	48	240	480
46	49	176	353
46	50	220	440
46	51	280	560
46	52	285	571
46	53	240	480
46	54	195	390
46	55	177	354
46	56	147	294
46	57	217	434
46	58	237	475
46	59	195	390
46	60	213	426
46	61	187	375
46	62	235	470
46	63	256	511
46	64	205	410
46	65	213	426
46	66	131	261
46	67	137	275
46	68	132	264
46	69	131	261
46	70	82	164
46	71	70	140
46	72	74	148
46	73	134	268
46	74	82	164
46	75	142	284
46	76	148	295
46	77	147	293
46	78	160	320
46	79	148	295
47	0	84	168
47	1	95	191
47	2	74	148
47	3	77	153
47	4	114	228
47	5	95	191
47	6	116	233
47	7	62	123
47	8	138	276
47	9	116	233
47	10	195	391
47	11	182	364
47	12	80	160
47	13	68	135
47	14	75	150
47	15	84	168
47	16	66	131
47	17	80	160
47	18	176	352
47	19	98	196
47	20	113	226
47	21	100	201
47	22	176	352
47	23	102	203
47	24	128	255
47	25	92	184
47	26	132	265
47	27	102	203
47	28	28	56
47	29	32	64
47	30	103	206
47	31	28	56
47	32	84	167
47	33	107	214
47	34	68	136
47	35	120	240
47	36	152	303
47	37	107	214
47	38	57	114
47	39	42	84
47	40	45	90
47	41	57	114
47	42	110	220
47	43	0	0
47	44	2	4
47	45	49	98
47	46	70	140
47	47	0	0
47	48	183	366
47	49	117	234
47	50	162	323
47	51	216	432
47	52	228	457
47	53	183	366
47	54	163	325
47	55	166	332
47	56	113	226
47	57	179	359
47	58	205	409
47	59	163	325
47	60	145	290
47	61	118	237
47	62	173	346
47	63	187	375
47	64	136	272
47	65	145	290
47	66	62	124
47	67	70	141
47	68	95	190
47	69	62	124
47	70	65	131
47	71	54	108
47	72	85	169
47	73	89	178
47	74	65	131
47	75	119	238
47	76	79	159
47	77	79	158
47	78	103	206
47	79	79	159
48	0	154	308
48	1	155	310
48	2	209	419
48	3	176	354
48	4	152	305
48	5	155	310
48	6	72	145
48	7	152	304
48	8	47	94
48	9	72	145
48	10	42	84
48	11	110	219
48	12	133	266
48	13	126	253
48	14	134	269
48	15	121	242
48	16	118	236
48	17	133	266
48	18	215	429
48	19	179	359
48	20	168	335
48	21	167	333
48	22	215	429
48	23	219	438
48	24	274	549
48	25	168	336
48	26	241	482
48	27	219	438
48	28	164	328
48	29	152	304
48	30	161	321
48	31	164	328
48	32	100	200
48	33	196	392
48	34	132	265
48	35	255	510
48	36	205	409
48	37	196	392
48	38	156	313
48	39	213	428
48	40	169	339
48	41	156	313
48	42	150	300
48	43	183	366
48	44	182	364
48	45	152	304
48	46	240	480
48	47	183	366
48	48	0	0
48	49	66	132
48	50	22	45
48	51	58	116
48	52	46	91
48	53	0	0
48	54	290	581
48	55	322	644
48	56	254	509
48	57	292	585
48	58	321	641
48	59	290	581
48	60	158	316
48	61	148	295
48	62	215	431
48	63	172	345
48	64	143	286
48	65	158	316
48	66	129	260
48	67	117	236
48	68	117	233
48	69	129	260
48	70	165	331
48	71	173	347
48	72	192	383
48	73	109	217
48	74	165	331
48	75	131	261
48	76	157	315
48	77	159	318
48	78	81	161
48	79	157	315
49	0	99	198
49	1	104	207
49	2	148	297
49	3	119	238
49	4	107	214
49	5	104	207
49	6	24	47
49	7	92	185
49	8	25	50
49	9	24	47
49	10	84	168
49	11	108	215
49	12	76	152
49	13	63	127
49	14	75	151
49	15	64	127
49	16	52	104
49	17	76	152
49	18	180	360
49	19	127	253
49	20	121	241
49	21	116	231
49	22	180	360
49	23	162	324
49	24	214	429
49	25	115	229
49	26	188	376
49	27	162	324
49	28	99	199
49	29	86	173
49	30	113	226
49	31	99	199
49	32	34	69
49	33	144	287
49	34	71	142
49	35	197	394
49	36	164	328
49	37	144	287
49	38	94	190
49	39	148	298
49	40	106	212
49	41	94	190
49	42	106	213
49	43	117	234
49	44	116	232
49	45	90	179
49	46	176	353
49	47	117	234
49	48	66	132
49	49	0	0
49	50	45	89
49	51	105	211
49	52	111	223
49	53	66	132
49	54	235	471
49	55	260	522
49	56	194	390
49	57	241	481
49	58	269	538
49	59	235	471
49	60	124	248
49	61	105	210
49	62	180	359
49	63	153	307
49	64	108	216
49	65	124	248
49	66	66	132
49	67	54	107
49	68	66	132
49	69	66	132
49	70	107	214
49	71	113	226
49	72	136	272
49	73	53	106
49	74	107	214
49	75	93	185
49	76	101	202
49	77	102	205
49	78	17	34
49	79	101	202
50	0	132	264
50	1	134	268
50	2	187	374
50	3	154	309
50	4	132	264
50	5	134	268
50	6	55	110
50	7	134	268
50	8	30	60
50	9	55	110
50	10	46	92
50	11	99	198
50	12	111	222
50	13	104	208
50	14	112	224
50	15	99	197
50	16	96	192
50	17	111	222
50	18	197	394
50	19	158	316
50	20	147	294
50	21	145	291
50	22	197	394
50	23	197	394
50	24	252	504
50	25	146	293
50	26	220	440
50	27	197	394
50	28	144	287
50	29	131	262
50	30	147	294
50	31	144	287
50	32	78	156
50	33	175	350
50	34	110	220
50	35	233	466
50	36	186	371
50	37	175	350
50	38	134	268
50	39	191	384
50	40	147	294
50	41	134	268
50	42	138	275
50	43	162	323
50	44	161	321
50	45	133	265
50	46	220	440
50	47	162	323
50	48	22	45
50	49	45	89
50	50	0	0
50	51	67	133
50	52	67	134
50	53	22	45
50	54	269	538
50	55	300	599
50	56	232	465
50	57	271	543
50	58	300	600
50	59	269	538
50	60	140	280
50	61	128	255
50	62	198	395
50	63	158	317
50	64	125	249
50	65	140	280
50	66	107	215
50	67	95	191
50	68	101	202
50	69	107	215
50	70	148	296
50	71	155	310
50	72	175	351
50	73	91	183
50	74	148	296
50	75	119	239
50	76	135	271
50	77	137	274
50	78	60	120
50	79	135	271
51	0	165	330
51	1	162	324
51	2	224	448
51	3	189	378
51	4	152	305
51	5	162	324
51	6	121	242
51	7	197	396
51	8	97	193
51	9	121	242
51	10	22	43
51	11	81	161
51	12	149	299
51	13	151	302
51	14	152	305
51	15	139	279
51	16	152	303
51	17	149	299
51	18	198	396
51	19	185	369
51	20	168	336
51	21	171	342
51	22	198	396
51	23	226	452
51	24	285	569
51	25	175	351
51	26	243	486
51	27	226	452
51	28	203	405
51	29	188	376
51	30	214	427
51	31	203	405
51	32	134	267
51	33	199	400
51	34	154	309
51	35	263	526
51	36	195	389
51	37	199	400
51	38	176	353
51	39	239	480
51	40	191	383
51	41	176	353
51	42	204	408
51	43	216	432
51	44	216	431
51	45	195	390
51	46	280	560
51	47	216	432
51	48	58	116
51	49	105	211
51	50	67	133
51	51	0	0
51	52	51	101
51	53	58	116
51	54	293	587
51	55	332	665
51	56	265	531
51	57	290	579
51	58	317	634
51	59	293	587
51	60	146	292
51	61	146	293
51	62	200	400
51	63	146	292
51	64	135	270
51	65	146	292
51	66	156	312
51	67	146	292
51	68	167	335
51	69	156	312
51	70	212	425
51	71	218	437
51	72	241	482
51	73	157	313
51	74	212	425
51	75	186	372
51	76	170	340
51	77	171	343
51	78	122	245
51	79	170	340
52	0	194	388
52	1	193	387
52	2	251	502
52	3	217	435
52	4	188	375
52	5	193	387
52	6	117	234
52	7	197	394
52	8	92	184
52	9	117	234
52	10	52	105
52	11	128	255
52	12	174	349
52	13	170	340
52	14	176	352
52	15	163	325
52	16	163	326
52	17	174	349
52	18	242	484
52	19	217	435
52	20	203	406
52	21	204	408
52	22	242	484
52	23	258	516
52	24	315	630
52	25	207	414
52	26	278	556
52	27	258	516
52	28	210	419
52	29	197	395
52	30	202	404
52	31	210	419
52	32	145	290
52	33	234	467
52	34	176	351
52	35	295	590
52	36	236	472
52	37	234	467
52	38	199	399
52	39	258	517
52	40	213	426
52	41	199	399
52	42	190	381
52	43	228	457
52	44	227	455
52	45	197	394
52	46	285	571
52	47	228	457
52	48	46	91
52	49	111	223
52	50	67	134
52	51	51	101
52	52	0	0
52	53	46	91
52	54	328	657
52	55	362	726
52	56	295	591
52	57	327	656
52	58	356	712
52	59	328	657
52	60	187	375
52	61	182	365
52	62	243	487
52	63	193	387
52	64	174	349
52	65	187	375
52	66	174	348
52	67	162	324
52	68	160	320
52	69	174	348
52	70	210	420
52	71	218	437
52	72	235	470
52	73	153	307
52	74	210	420
52	75	170	340
52	76	198	396
52	77	199	399
52	78	126	252
52	79	198	396
53	0	154	308
53	1	155	310
53	2	209	419
53	3	176	354
53	4	152	305
53	5	155	310
53	6	72	145
53	7	152	304
53	8	47	94
53	9	72	145
53	10	42	84
53	11	110	219
53	12	133	266
53	13	126	253
53	14	134	269
53	15	121	242
53	16	118	236
53	17	133	266
53	18	215	429
53	19	179	359
53	20	168	335
53	21	167	333
53	22	215	429
53	23	219	438
53	24	274	549
53	25	168	336
53	26	241	482
53	27	219	438
53	28	164	328
53	29	152	304
53	30	161	321
53	31	164	328
53	32	100	200
53	33	196	392
53	34	132	265
53	35	255	510
53	36	205	409
53	37	196	392
53	38	156	313
53	39	213	428
53	40	169	339
53	41	156	313
53	42	150	300
53	43	183	366
53	44	182	364
53	45	152	304
53	46	240	480
53	47	183	366
53	48	0	0
53	49	66	132
53	50	22	45
53	51	58	116
53	52	46	91
53	53	0	0
53	54	290	581
53	55	322	644
53	56	254	509
53	57	292	585
53	58	321	641
53	59	290	581
53	60	158	316
53	61	148	295
53	62	215	431
53	63	172	345
53	64	143	286
53	65	158	316
53	66	129	260
53	67	117	236
53	68	117	233
53	69	129	260
53	70	165	331
53	71	173	347
53	72	192	383
53	73	109	217
53	74	165	331
53	75	131	261
53	76	157	315
53	77	159	318
53	78	81	161
53	79	157	315
54	0	137	275
54	1	135	271
54	2	93	185
54	3	116	233
54	4	141	282
54	5	135	271
54	6	248	497
54	7	223	446
54	8	260	520
54	9	248	497
54	10	279	558
54	11	221	441
54	12	160	319
54	13	174	348
54	14	160	320
54	15	172	344
54	16	194	389
54	17	160	319
54	18	119	238
54	19	111	223
54	20	126	251
54	21	124	249
54	22	119	238
54	23	73	147
54	24	41	83
54	25	123	245
54	26	51	101
54	27	73	147
54	28	189	378
54	29	183	367
54	30	265	530
54	31	189	378
54	32	205	411
54	33	95	190
54	34	165	330
54	35	43	85
54	36	107	214
54	37	95	190
54	38	143	286
54	39	124	248
54	40	137	275
54	41	143	286
54	42	271	543
54	43	163	325
54	44	165	329
54	45	209	418
54	46	195	390
54	47	163	325
54	48	290	581
54	49	235	471
54	50	269	538
54	51	293	587
54	52	328	657
54	53	290	581
54	54	0	0
54	55	57	114
54	56	50	100
54	57	26	52
54	58	43	86
54	59	0	0
54	60	151	302
54	61	147	294
54	62	115	230
54	63	174	347
54	64	159	318
54	65	151	302
54	66	173	346
54	67	185	370
54	68	248	497
54	69	173	346
54	70	228	456
54	71	217	433
54	72	245	490
54	73	237	474
54	74	228	456
54	75	277	555
54	76	135	269
54	77	133	266
54	78	230	462
54	79	135	269
55	0	169	338
55	1	171	342
55	2	113	225
55	3	146	291
55	4	181	362
55	5	171	342
55	6	270	540
55	7	228	455
55	8	285	572
55	9	270	540
55	10	316	633
55	11	265	531
55	12	189	378
55	13	197	395
55	14	188	375
55	15	201	402
55	16	214	427
55	17	189	378
55	18	173	347
55	19	148	296
55	20	166	333
55	21	161	323
55	22	173	347
55	23	106	213
55	24	48	96
55	25	157	315
55	26	97	195
55	27	106	213
55	28	194	388
55	29	194	387
55	30	267	534
55	31	194	388
55	32	228	456
55	33	134	268
55	34	190	380
55	35	70	139
55	36	158	317
55	37	134	268
55	38	166	332
55	39	124	249
55	40	156	312
55	41	166	332
55	42	275	551
55	43	166	332
55	44	168	336
55	45	215	430
55	46	177	354
55	47	166	332
55	48	322	644
55	49	260	522
55	50	300	599
55	51	332	665
55	52	362	726
55	53	322	644
55	54	57	114
55	55	0	0
55	56	68	135
55	57	81	162
55	58	82	164
55	59	57	114
55	60	197	394
55	61	188	375
55	62	169	339
55	63	225	450
55	64	203	405
55	65	197	394
55	66	195	391
55	67	207	415
55	68	260	520
55	69	195	391
55	70	229	458
55	71	216	433
55	72	239	479
55	73	251	502
55	74	229	458
55	75	285	570
55	76	165	330
55	77	163	327
55	78	253	506
55	79	165	330
56	0	102	203
56	1	103	207
56	2	47	94
56	3	78	156
56	4	115	229
56	5	103	207
56	6	206	412
56	7	174	348
56	8	219	440
56	9	206	412
56	10	249	498
56	11	199	399
56	12	122	243
56	13	131	264
56	14	121	241
56	15	134	268
56	16	150	300
56	17	122	243
56	18	121	243
56	19	81	162
56	20	100	201
56	21	95	189
56	22	121	243
56	23	40	79
56	24	20	40
56	25	90	180
56	26	43	87
56	27	40	79
56	28	140	280
56	29	135	271
56	30	216	432
56	31	140	280
56	32	163	326
56	33	68	137
56	34	124	248
56	35	10	21
56	36	101	203
56	37	68	137
56	38	100	201
56	39	74	148
56	40	92	184
56	41	100	201
56	42	222	445
56	43	113	226
56	44	115	230
56	45	160	321
56	46	147	294
56	47	113	226
56	48	254	509
56	49	194	390
56	50	232	465
56	51	265	531
56	52	295	591
56	53	254	509
56	54	50	100
56	55	68	135
56	56	0	0
56	57	70	140
56	58	92	185
56	59	50	100
56	60	133	266
56	61	121	242
56	62	117	235
56	63	166	332
56	64	137	274
56	65	133	266
56	66	130	260
56	67	142	285
56	68	201	403
56	69	130	260
56	70	178	357
56	71	167	334
56	72	195	390
56	73	191	381
56	74	178	357
56	75	229	459
56	76	97	195
56	77	96	192
56	78	188	376
56	79	97	195
57	0	142	284
57	1	138	276
57	2	106	212
57	3	124	248
57	4	140	281
57	5	138	276
57	6	256	512
57	7	238	475
57	8	265	531
57	9	256	512
57	10	277	555
57	11	214	427
57	12	165	330
57	13	181	363
57	14	166	332
57	15	177	355
57	16	203	407
57	17	165	330
57	18	104	208
57	19	114	228
57	20	125	250
57	21	126	252
57	22	104	208
57	23	82	164
57	24	66	132
57	25	126	252
57	26	53	106
57	27	82	164
57	28	204	408
57	29	197	394
57	30	281	561
57	31	204	408
57	32	213	426
57	33	97	194
57	34	173	345
57	35	61	122
57	36	97	194
57	37	97	194
57	38	152	305
57	39	143	286
57	40	149	298
57	41	152	305
57	42	286	572
57	43	179	359
57	44	181	362
57	45	224	448
57	46	217	434
57	47	179	359
57	48	292	585
57	49	241	481
57	50	271	543
57	51	290	579
57	52	327	656
57	53	292	585
57	54	26	52
57	55	81	162
57	56	70	140
57	57	0	0
57	58	29	57
57	59	26	52
57	60	144	288
57	61	145	291
57	62	101	201
57	63	161	323
57	64	155	310
57	65	144	288
57	66	182	363
57	67	192	386
57	68	260	520
57	69	182	363
57	70	244	489
57	71	233	467
57	72	263	526
57	73	248	495
57	74	244	489
57	75	291	581
57	76	140	280
57	77	139	278
57	78	238	476
57	79	140	280
58	0	170	341
58	1	167	333
58	2	133	265
58	3	152	305
58	4	169	337
58	5	167	333
58	6	284	569
58	7	264	528
58	8	293	588
58	9	284	569
58	10	305	610
58	11	240	480
58	12	193	387
58	13	210	420
58	14	194	389
58	15	205	412
58	16	231	463
58	17	193	387
58	18	127	254
58	19	143	285
58	20	153	306
58	21	155	309
58	22	127	254
58	23	110	220
58	24	83	167
58	25	155	309
58	26	81	163
58	27	110	220
58	28	230	461
58	29	224	447
58	30	307	614
58	31	230	461
58	32	241	483
58	33	126	251
58	34	201	402
58	35	85	169
58	36	123	246
58	37	126	251
58	38	180	361
58	39	166	333
58	40	176	353
58	41	180	361
58	42	312	625
58	43	205	409
58	44	206	413
58	45	250	501
58	46	237	475
58	47	205	409
58	48	321	641
58	49	269	538
58	50	300	600
58	51	317	634
58	52	356	712
58	53	321	641
58	54	43	86
58	55	82	164
58	56	92	185
58	57	29	57
58	58	0	0
58	59	43	86
58	60	171	342
58	61	174	347
58	62	124	248
58	63	185	370
58	64	182	365
58	65	171	342
58	66	210	420
58	67	221	442
58	68	287	576
58	69	210	420
58	70	270	540
58	71	258	517
58	72	287	575
58	73	276	551
58	74	270	540
58	75	318	635
58	76	168	337
58	77	167	335
58	78	266	533
58	79	168	337
59	0	137	275
59	1	135	271
59	2	93	185
59	3	116	233
59	4	141	282
59	5	135	271
59	6	248	497
59	7	223	446
59	8	260	520
59	9	248	497
59	10	279	558
59	11	221	441
59	12	160	319
59	13	174	348
59	14	160	320
59	15	172	344
59	16	194	389
59	17	160	319
59	18	119	238
59	19	111	223
59	20	126	251
59	21	124	249
59	22	119	238
59	23	73	147
59	24	41	83
59	25	123	245
59	26	51	101
59	27	73	147
59	28	189	378
59	29	183	367
59	30	265	530
59	31	189	378
59	32	205	411
59	33	95	190
59	34	165	330
59	35	43	85
59	36	107	214
59	37	95	190
59	38	143	286
59	39	124	248
59	40	137	275
59	41	143	286
59	42	271	543
59	43	163	325
59	44	165	329
59	45	209	418
59	46	195	390
59	47	163	325
59	48	290	581
59	49	235	471
59	50	269	538
59	51	293	587
59	52	328	657
59	53	290	581
59	54	0	0
59	55	57	114
59	56	50	100
59	57	26	52
59	58	43	86
59	59	0	0
59	60	151	302
59	61	147	294
59	62	115	230
59	63	174	347
59	64	159	318
59	65	151	302
59	66	173	346
59	67	185	370
59	68	248	497
59	69	173	346
59	70	228	456
59	71	217	433
59	72	245	490
59	73	237	474
59	74	228	456
59	75	277	555
59	76	135	269
59	77	133	266
59	78	230	462
59	79	135	269
60	0	61	122
60	1	50	99
60	2	105	211
60	3	75	151
60	4	31	63
60	5	50	99
60	6	146	293
60	7	173	347
60	8	145	289
60	9	146	293
60	10	135	271
60	11	70	140
60	12	71	142
60	13	93	185
60	14	76	152
60	15	76	152
60	16	115	231
60	17	71	142
60	18	57	114
60	19	58	116
60	20	37	73
60	21	48	96
60	22	57	114
60	23	94	188
60	24	151	302
60	25	57	113
60	26	101	202
60	27	94	188
60	28	152	305
60	29	136	273
60	30	212	425
60	31	152	305
60	32	112	224
60	33	65	130
60	34	86	171
60	35	128	256
60	36	49	97
60	37	65	130
60	38	88	176
60	39	142	284
60	40	101	201
60	41	88	176
60	42	211	423
60	43	145	290
60	44	146	292
60	45	161	323
60	46	213	426
60	47	145	290
60	48	158	316
60	49	124	248
60	50	140	280
60	51	146	292
60	52	187	375
60	53	158	316
60	54	151	302
60	55	197	394
60	56	133	266
60	57	144	288
60	58	171	342
60	59	151	302
60	60	0	0
60	61	27	55
60	62	58	115
60	63	43	85
60	64	16	32
60	65	0	0
60	66	97	194
60	67	100	201
60	68	173	346
60	69	97	194
60	70	186	373
60	71	183	366
60	72	216	432
60	73	157	314
60	74	186	373
60	75	205	410
60	76	66	132
60	77	67	133
60	78	130	261
60	79	66	132
61	0	35	70
61	1	24	48
61	2	86	172
61	3	53	106
61	4	7	13
61	5	24	48
61	6	125	251
61	7	146	294
61	8	127	255
61	9	125	251
61	10	132	265
61	11	79	159
61	12	44	89
61	13	66	132
61	14	49	98
61	15	50	100
61	16	89	179
61	17	44	89
61	18	76	152
61	19	40	81
61	20	22	43
61	21	27	55
61	22	76	152
61	23	82	163
61	24	140	280
61	25	35	69
61	26	97	193
61	27	82	163
61	28	125	250
61	29	109	218
61	30	186	373
61	31	125	250
61	32	88	176
61	33	54	107
61	34	59	118
61	35	118	236
61	36	59	119
61	37	54	107
61	38	61	123
61	39	118	237
61	40	75	150
61	41	61	123
61	42	185	371
61	43	118	237
61	44	119	238
61	45	134	269
61	46	187	375
61	47	118	237
61	48	148	295
61	49	105	210
61	50	128	255
61	51	146	293
61	52	182	365
61	53	148	295
61	54	147	294
61	55	188	375
61	56	121	242
61	57	145	291
61	58	174	347
61	59	147	294
61	60	27	55
61	61	0	0
61	62	75	150
61	63	69	139
61	64	19	37
61	65	27	55
61	66	70	141
61	67	74	149
61	68	148	296
61	69	70	141
61	70	159	319
61	71	156	312
61	72	189	378
61	73	133	265
61	74	159	319
61	75	180	361
61	76	40	80
61	77	41	82
61	78	109	217
61	79	40	80
62	0	96	193
62	1	85	171
62	2	111	222
62	3	96	193
62	4	74	149
62	5	85	171
62	6	200	401
62	7	215	430
62	8	201	403
62	9	200	401
62	10	191	383
62	11	120	240
62	12	115	231
62	13	137	274
62	14	119	239
62	15	124	248
62	16	161	323
62	17	115	231
62	18	4	8
62	19	75	150
62	20	65	131
62	21	76	152
62	22	4	8
62	23	88	175
62	24	131	261
62	25	83	166
62	26	75	150
62	27	88	175
62	28	188	376
62	29	174	348
62	30	256	513
62	31	188	376
62	32	162	325
62	33	68	136
62	34	128	257
62	35	109	218
62	36	21	43
62	37	68	136
62	38	121	242
62	39	156	312
62	40	128	257
62	41	121	242
62	42	257	514
62	43	173	346
62	44	174	349
62	45	201	403
62	46	235	470
62	47	173	346
62	48	215	431
62	49	180	359
62	50	198	395
62	51	200	400
62	52	243	487
62	53	215	431
62	54	115	230
62	55	169	339
62	56	117	235
62	57	101	201
62	58	124	248
62	59	115	230
62	60	58	115
62	61	75	150
62	62	0	0
62	63	61	122
62	64	73	146
62	65	58	115
62	66	140	281
62	67	147	294
62	68	221	444
62	69	140	281
62	70	226	452
62	71	220	440
62	72	253	506
62	73	206	413
62	74	226	452
62	75	253	508
62	76	99	198
62	77	99	197
62	78	184	367
62	79	99	198
63	0	104	207
63	1	92	184
63	2	145	289
63	3	117	234
63	4	74	147
63	5	92	184
63	6	177	353
63	7	213	427
63	8	170	340
63	9	177	353
63	10	141	283
63	11	66	132
63	12	112	224
63	13	132	265
63	14	117	234
63	15	115	230
63	16	154	308
63	17	112	224
63	18	58	116
63	19	98	196
63	20	78	155
63	21	90	180
63	22	58	116
63	23	129	259
63	24	182	365
63	25	98	197
63	26	128	256
63	27	129	259
63	28	194	388
63	29	177	355
63	30	251	502
63	31	194	388
63	32	148	296
63	33	101	203
63	34	126	253
63	35	159	319
63	36	67	134
63	37	101	203
63	38	130	261
63	39	184	367
63	40	143	286
63	41	130	261
63	42	248	497
63	43	187	375
63	44	188	376
63	45	202	404
63	46	256	511
63	47	187	375
63	48	172	345
63	49	153	307
63	50	158	317
63	51	146	292
63	52	193	387
63	53	172	345
63	54	174	347
63	55	225	450
63	56	166	332
63	57	161	323
63	58	185	370
63	59	174	347
63	60	43	85
63	61	69	139
63	62	61	122
63	63	0	0
63	64	53	107
63	65	43	85
63	66	137	275
63	67	139	278
63	68	209	418
63	69	137	275
63	70	227	454
63	71	224	448
63	72	256	513
63	73	193	386
63	74	227	454
63	75	240	481
63	76	108	217
63	77	109	218
63	78	163	325
63	79	108	217
64	0	53	106
64	1	43	85
64	2	104	209
64	3	71	143
64	4	25	50
64	5	43	85
64	6	130	261
64	7	160	321
64	8	129	257
64	9	130	261
64	10	123	246
64	11	63	126
64	12	59	118
64	13	79	159
64	14	64	128
64	15	62	124
64	16	101	202
64	17	59	118
64	18	73	146
64	19	58	115
64	20	37	74
64	21	45	91
64	22	73	146
64	23	97	195
64	24	156	311
64	25	53	106
64	26	109	217
64	27	97	195
64	28	141	282
64	29	124	249
64	30	198	396
64	31	141	282
64	32	97	194
64	33	69	137
64	34	73	147
64	35	133	266
64	36	62	124
64	37	69	137
64	38	79	158
64	39	137	274
64	40	93	186
64	41	79	158
64	42	197	393
64	43	136	272
64	44	137	273
64	45	149	298
64	46	205	410
64	47	136	272
64	48	143	286
64	49	108	216
64	50	125	249
64	51	135	270
64	52	174	349
64	53	143	286
64	54	159	318
64	55	203	405
64	56	137	274
64	57	155	310
64	58	182	365
64	59	159	318
64	60	16	32
64	61	19	37
64	62	73	146
64	63	53	107
64	64	0	0
64	65	16	32
64	66	84	169
64	67	86	172
64	68	158	316
64	69	84	169
64	70	174	348
64	71	171	342
64	72	203	407
64	73	142	284
64	74	174	348
64	75	190	380
64	76	59	117
64	77	60	119
64	78	115	229
64	79	59	117
65	0	61	122
65	1	50	99
65	2	105	211
65	3	75	151
65	4	31	63
65	5	50	99
65	6	146	293
65	7	173	347
65	8	145	289
65	9	146	293
65	10	135	271
65	11	70	140
65	12	71	142
65	13	93	185
65	14	76	152
65	15	76	152
65	16	115	231
65	17	71	142
65	18	57	114
65	19	58	116
65	20	37	73
65	21	48	96
65	22	57	114
65	23	94	188
65	24	151	302
65	25	57	113
65	26	101	202
65	27	94	188
65	28	152	305
65	29	136	273
65	30	212	425
65	31	152	305
65	32	112	224
65	33	65	130
65	34	86	171
65	35	128	256
65	36	49	97
65	37	65	130
65	38	88	176
65	39	142	284
65	40	101	201
65	41	88	176
65	42	211	423
65	43	145	290
65	44	146	292
65	45	161	323
65	46	213	426
65	47	145	290
65	48	158	316
65	49	124	248
65	50	140	280
65	51	146	292
65	52	187	375
65	53	158	316
65	54	151	302
65	55	197	394
65	56	133	266
65	57	144	288
65	58	171	342
65	59	151	302
65	60	0	0
65	61	27	55
65	62	58	115
65	63	43	85
65	64	16	32
65	65	0	0
65	66	97	194
65	67	100	201
65	68	173	346
65	69	97	194
65	70	186	373
65	71	183	366
65	72	216	432
65	73	157	314
65	74	186	373
65	75	205	410
65	76	66	132
65	77	67	133
65	78	130	261
65	79	66	132
66	0	45	90
66	1	55	110
66	2	83	167
66	3	58	115
66	4	68	137
66	5	55	110
66	6	76	152
66	7	76	153
66	8	90	181
66	9	76	152
66	10	136	272
66	11	121	242
66	12	26	52
66	13	6	12
66	14	22	43
66	15	24	48
66	16	22	45
66	17	26	52
66	18	142	284
66	19	72	144
66	20	75	151
66	21	65	131
66	22	142	284
66	23	100	201
66	24	149	298
66	25	61	121
66	26	129	258
66	27	100	201
66	28	58	117
66	29	41	83
66	30	117	233
66	31	58	117
66	32	33	66
66	33	88	176
66	34	12	24
66	35	133	266
66	36	121	242
66	37	88	176
66	38	30	60
66	39	85	170
66	40	40	80
66	41	30	60
66	42	117	234
66	43	62	124
66	44	62	124
66	45	65	129
66	46	131	261
66	47	62	124
66	48	129	260
66	49	66	132
66	50	107	215
66	51	156	312
66	52	174	348
66	53	129	260
66	54	173	346
66	55	195	391
66	56	130	260
66	57	182	363
66	58	210	420
66	59	173	346
66	60	97	194
66	61	70	141
66	62	140	281
66	63	137	275
66	64	84	169
66	65	97	194
66	66	0	0
66	67	12	25
66	68	82	165
66	69	0	0
66	70	90	179
66	71	87	174
66	72	119	238
66	73	68	136
66	74	90	179
66	75	114	229
66	76	44	88
66	77	45	90
66	78	58	116
66	79	44	88
67	0	53	107
67	1	62	124
67	2	95	191
67	3	69	138
67	4	73	147
67	5	62	124
67	6	64	128
67	7	75	149
67	8	78	157
67	9	64	128
67	10	126	251
67	11	117	233
67	12	32	63
67	13	11	23
67	14	28	57
67	15	24	49
67	16	15	30
67	17	32	63
67	18	148	297
67	19	81	163
67	20	82	164
67	21	73	147
67	22	148	297
67	23	112	224
67	24	161	323
67	25	69	139
67	26	140	280
67	27	112	224
67	28	62	124
67	29	45	91
67	30	112	224
67	31	62	124
67	32	21	42
67	33	97	195
67	34	20	41
67	35	145	290
67	36	128	256
67	37	97	195
67	38	42	84
67	39	96	193
67	40	52	105
67	41	42	84
67	42	111	222
67	43	70	141
67	44	70	140
67	45	64	129
67	46	137	275
67	47	70	141
67	48	117	236
67	49	54	107
67	50	95	191
67	51	146	292
67	52	162	324
67	53	117	236
67	54	185	370
67	55	207	415
67	56	142	285
67	57	192	386
67	58	221	442
67	59	185	370
67	60	100	201
67	61	74	149
67	62	147	294
67	63	139	278
67	64	86	172
67	65	100	201
67	66	12	25
67	67	0	0
67	68	75	150
67	69	12	25
67	70	89	178
67	71	88	176
67	72	119	238
67	73	60	119
67	74	89	178
67	75	107	214
67	76	53	107
67	77	54	110
67	78	46	92
67	79	53	107
68	0	127	255
68	1	136	274
68	2	156	312
68	3	138	276
68	4	148	296
68	5	136	274
68	6	47	93
68	7	41	81
68	8	71	142
68	9	47	93
68	10	146	292
68	11	172	344
68	12	106	213
68	13	85	170
68	14	103	206
68	15	98	196
68	16	60	121
68	17	106	213
68	18	223	446
68	19	154	309
68	20	156	314
68	21	147	296
68	22	223	446
68	23	178	356
68	24	218	436
68	25	143	286
68	26	209	417
68	27	178	356
68	28	68	136
68	29	66	133
68	30	47	94
68	31	68	136
68	32	61	122
68	33	170	339
68	34	94	188
68	35	206	413
68	36	202	406
68	37	170	339
68	38	109	218
68	39	136	272
68	40	111	223
68	41	109	218
68	42	41	82
68	43	95	190
68	44	93	187
68	45	48	95
68	46	132	264
68	47	95	190
68	48	117	233
68	49	66	132
68	50	101	202
68	51	167	335
68	52	160	320
68	53	117	233
68	54	248	497
68	55	260	520
68	56	201	403
68	57	260	520
68	58	287	576
68	59	248	497
68	60	173	346
68	61	148	296
68	62	221	444
68	63	209	418
68	64	158	316
68	65	173	346
68	66	82	165
68	67	75	150
68	68	0	0
68	69	82	165
68	70	51	102
68	71	62	124
68	72	75	150
68	73	16	32
68	74	51	102
68	75	32	65
68	76	126	253
68	77	127	255
68	78	50	101
68	79	126	253
69	0	45	90
69	1	55	110
69	2	83	167
69	3	58	115
69	4	68	137
69	5	55	110
69	6	76	152
69	7	76	153
69	8	90	181
69	9	76	152
69	10	136	272
69	11	121	242
69	12	26	52
69	13	6	12
69	14	22	43
69	15	24	48
69	16	22	45
69	17	26	52
69	18	142	284
69	19	72	144
69	20	75	151
69	21	65	131
69	22	142	284
69	23	100	201
69	24	149	298
69	25	61	121
69	26	129	258
69	27	100	201
69	28	58	117
69	29	41	83
69	30	117	233
69	31	58	117
69	32	33	66
69	33	88	176
69	34	12	24
69	35	133	266
69	36	121	242
69	37	88	176
69	38	30	60
69	39	85	170
69	40	40	80
69	41	30	60
69	42	117	234
69	43	62	124
69	44	62	124
69	45	65	129
69	46	131	261
69	47	62	124
69	48	129	260
69	49	66	132
69	50	107	215
69	51	156	312
69	52	174	348
69	53	129	260
69	54	173	346
69	55	195	391
69	56	130	260
69	57	182	363
69	58	210	420
69	59	173	346
69	60	97	194
69	61	70	141
69	62	140	281
69	63	137	275
69	64	84	169
69	65	97	194
69	66	0	0
69	67	12	25
69	68	82	165
69	69	0	0
69	70	90	179
69	71	87	174
69	72	119	238
69	73	68	136
69	74	90	179
69	75	114	229
69	76	44	88
69	77	45	90
69	78	58	116
69	79	44	88
70	0	130	261
70	1	142	284
70	2	138	277
70	3	132	265
70	4	157	314
70	5	142	284
70	6	93	187
70	7	15	30
70	8	118	238
70	9	93	187
70	10	191	382
70	11	203	406
70	12	115	231
70	13	95	189
70	14	111	221
70	15	112	225
70	16	75	150
70	17	115	231
70	18	228	456
70	19	152	305
70	20	161	324
70	21	150	300
70	22	228	456
70	23	164	329
70	24	193	385
70	25	143	287
70	26	195	392
70	27	164	329
70	28	40	81
70	29	52	105
70	30	38	76
70	31	40	81
70	32	87	174
70	33	165	329
70	34	101	202
70	35	185	371
70	36	205	411
70	37	165	329
70	38	105	211
70	39	106	212
70	40	100	201
70	41	105	211
70	42	47	93
70	43	65	131
70	44	64	127
70	45	25	50
70	46	82	164
70	47	65	131
70	48	165	331
70	49	107	214
70	50	148	296
70	51	212	425
70	52	210	420
70	53	165	331
70	54	228	456
70	55	229	458
70	56	178	357
70	57	244	489
70	58	270	540
70	59	228	456
70	60	186	373
70	61	159	319
70	62	226	452
70	63	227	454
70	64	174	348
70	65	186	373
70	66	90	179
70	67	89	178
70	68	51	102
70	69	90	179
70	70	0	0
70	71	14	27
70	72	31	61
70	73	57	114
70	74	0	0
70	75	61	122
70	76	127	255
70	77	127	255
70	78	90	180
70	79	127	255
71	0	125	250
71	1	137	273
71	2	128	256
71	3	124	249
71	4	153	306
71	5	137	273
71	6	101	203
71	7	22	44
71	8	126	253
71	9	101	203
71	10	197	394
71	11	204	408
71	12	112	224
71	13	92	185
71	14	107	214
71	15	110	221
71	16	75	150
71	17	112	224
71	18	222	444
71	19	145	291
71	20	156	312
71	21	144	288
71	22	222	444
71	23	155	310
71	24	181	361
71	25	137	274
71	26	186	372
71	27	155	310
71	28	32	64
71	29	47	94
71	30	51	101
71	31	32	64
71	32	89	178
71	33	157	314
71	34	98	195
71	35	174	348
71	36	199	398
71	37	157	314
71	38	99	198
71	39	94	188
71	40	92	185
71	41	99	198
71	42	60	120
71	43	54	108
71	44	52	105
71	45	24	49
71	46	70	140
71	47	54	108
71	48	173	347
71	49	113	226
71	50	155	310
71	51	218	437
71	52	218	437
71	53	173	347
71	54	217	433
71	55	216	433
71	56	167	334
71	57	233	467
71	58	258	517
71	59	217	433
71	60	183	366
71	61	156	312
71	62	220	440
71	63	224	448
71	64	171	342
71	65	183	366
71	66	87	174
71	67	88	176
71	68	62	124
71	69	87	174
71	70	14	27
71	71	0	0
71	72	33	66
71	73	65	131
71	74	14	27
71	75	75	149
71	76	122	243
71	77	122	243
71	78	96	192
71	79	122	243
72	0	158	316
72	1	170	339
72	2	159	317
72	3	157	315
72	4	186	372
72	5	170	339
72	6	121	241
72	7	45	91
72	8	146	291
72	9	121	241
72	10	219	439
72	11	233	467
72	12	145	290
72	13	124	249
72	14	140	280
72	15	142	285
72	16	105	210
72	17	145	290
72	18	255	510
72	19	178	357
72	20	189	378
72	21	177	354
72	22	255	510
72	23	186	372
72	24	207	414
72	25	170	340
72	26	217	434
72	27	186	372
72	28	65	130
72	29	80	160
72	30	40	79
72	31	65	130
72	32	117	235
72	33	189	379
72	34	130	261
72	35	203	406
72	36	232	464
72	37	189	379
72	38	132	264
72	39	121	242
72	40	125	250
72	41	132	264
72	42	53	105
72	43	85	169
72	44	83	166
72	45	55	110
72	46	74	148
72	47	85	169
72	48	192	383
72	49	136	272
72	50	175	351
72	51	241	482
72	52	235	470
72	53	192	383
72	54	245	490
72	55	239	479
72	56	195	390
72	57	263	526
72	58	287	575
72	59	245	490
72	60	216	432
72	61	189	378
72	62	253	506
72	63	256	513
72	64	203	407
72	65	216	432
72	66	119	238
72	67	119	238
72	68	75	150
72	69	119	238
72	70	31	61
72	71	33	66
72	72	0	0
72	73	84	169
72	74	31	61
72	75	73	146
72	76	155	309
72	77	155	309
72	78	119	238
72	79	155	309
73	0	113	225
73	1	122	243
73	2	145	289
73	3	125	249
73	4	132	265
73	5	122	243
73	6	37	73
73	7	44	87
73	8	62	124
73	9	37	73
73	10	135	270
73	11	157	314
73	12	91	182
73	13	70	140
73	14	88	176
73	15	83	165
73	16	46	91
73	17	91	182
73	18	207	415
73	19	140	280
73	20	142	283
73	21	133	266
73	22	207	415
73	23	166	331
73	24	208	416
73	25	129	257
73	26	196	391
73	27	166	331
73	28	63	126
73	29	58	116
73	30	61	123
73	31	63	126
73	32	45	90
73	33	156	312
73	34	79	158
73	35	195	390
73	36	187	375
73	37	156	312
73	38	96	191
73	39	129	257
73	40	100	199
73	41	96	191
73	42	56	112
73	43	89	178
73	44	87	175
73	45	46	92
73	46	134	268
73	47	89	178
73	48	109	217
73	49	53	106
73	50	91	183
73	51	157	313
73	52	153	307
73	53	109	217
73	54	237	474
73	55	251	502
73	56	191	381
73	57	248	495
73	58	276	551
73	59	237	474
73	60	157	314
73	61	133	265
73	62	206	413
73	63	193	386
73	64	142	284
73	65	157	314
73	66	68	136
73	67	60	119
73	68	16	32
73	69	68	136
73	70	57	114
73	71	65	131
73	72	84	169
73	73	0	0
73	74	57	114
73	75	48	96
73	76	112	224
73	77	113	226
73	78	36	72
73	79	112	224
74	0	130	261
74	1	142	284
74	2	138	277
74	3	132	265
74	4	157	314
74	5	142	284
74	6	93	187
74	7	15	30
74	8	118	238
74	9	93	187
74	10	191	382
74	11	203	406
74	12	115	231
74	13	95	189
74	14	111	221
74	15	112	225
74	16	75	150
74	17	115	231
74	18	228	456
74	19	152	305
74	20	161	324
74	21	150	300
74	22	228	456
74	23	164	329
74	24	193	385
74	25	143	287
74	26	195	392
74	27	164	329
74	28	40	81
74	29	52	105
74	30	38	76
74	31	40	81
74	32	87	174
74	33	165	329
74	34	101	202
74	35	185	371
74	36	205	411
74	37	165	329
74	38	105	211
74	39	106	212
74	40	100	201
74	41	105	211
74	42	47	93
74	43	65	131
74	44	64	127
74	45	25	50
74	46	82	164
74	47	65	131
74	48	165	331
74	49	107	214
74	50	148	296
74	51	212	425
74	52	210	420
74	53	165	331
74	54	228	456
74	55	229	458
74	56	178	357
74	57	244	489
74	58	270	540
74	59	228	456
74	60	186	373
74	61	159	319
74	62	226	452
74	63	227	454
74	64	174	348
74	65	186	373
74	66	90	179
74	67	89	178
74	68	51	102
74	69	90	179
74	70	0	0
74	71	14	27
74	72	31	61
74	73	57	114
74	74	0	0
74	75	61	122
74	76	127	255
74	77	127	255
74	78	90	180
74	79	127	255
75	0	159	319
75	1	168	338
75	2	185	370
75	3	169	339
75	4	180	361
75	5	168	338
75	6	70	140
75	7	58	116
75	8	90	180
75	9	70	140
75	10	165	331
75	11	200	400
75	12	138	277
75	13	117	234
75	14	135	270
75	15	130	261
75	16	92	185
75	17	138	277
75	18	255	511
75	19	186	373
75	20	188	378
75	21	179	360
75	22	255	511
75	23	209	417
75	24	246	491
75	25	175	350
75	26	239	479
75	27	209	417
75	28	91	183
75	29	94	188
75	30	34	68
75	31	91	183
75	32	93	186
75	33	201	403
75	34	126	252
75	35	235	470
75	36	234	470
75	37	201	403
75	38	140	281
75	39	161	322
75	40	142	283
75	41	140	281
75	42	21	43
75	43	119	238
75	44	117	235
75	45	70	140
75	46	142	284
75	47	119	238
75	48	131	261
75	49	93	185
75	50	119	239
75	51	186	372
75	52	170	340
75	53	131	261
75	54	277	555
75	55	285	570
75	56	229	459
75	57	291	581
75	58	318	635
75	59	277	555
75	60	205	410
75	61	180	361
75	62	253	508
75	63	240	481
75	64	190	380
75	65	205	410
75	66	114	229
75	67	107	214
75	68	32	65
75	69	114	229
75	70	61	122
75	71	75	149
75	72	73	146
75	73	48	96
75	74	61	122
75	75	0	0
75	76	158	317
75	77	159	319
75	78	79	158
75	79	158	317
76	0	6	11
76	1	16	33
76	2	54	108
76	3	19	39
76	4	35	70
76	5	16	33
76	6	116	232
76	7	116	232
76	8	125	252
76	9	116	232
76	10	152	305
76	11	114	228
76	12	25	51
76	13	42	85
76	14	26	52
76	15	37	75
76	16	66	133
76	17	25	51
76	18	101	202
76	19	28	56
76	20	35	69
76	21	23	46
76	22	101	202
76	23	62	123
76	24	117	234
76	25	17	33
76	26	87	175
76	27	62	123
76	28	90	180
76	29	75	150
76	30	158	316
76	31	90	180
76	32	73	147
76	33	44	88
76	34	33	67
76	35	98	195
76	36	78	157
76	37	44	88
76	38	23	46
76	39	79	159
76	40	35	70
76	41	23	46
76	42	160	319
76	43	79	159
76	44	80	160
76	45	103	205
76	46	148	295
76	47	79	159
76	48	157	315
76	49	101	202
76	50	135	271
76	51	170	340
76	52	198	396
76	53	157	315
76	54	135	269
76	55	165	330
76	56	97	195
76	57	140	280
76	58	168	337
76	59	135	269
76	60	66	132
76	61	40	80
76	62	99	198
76	63	108	217
76	64	59	117
76	65	66	132
76	66	44	88
76	67	53	107
76	68	126	253
76	69	44	88
76	70	127	255
76	71	122	243
76	72	155	309
76	73	112	224
76	74	127	255
76	75	158	317
76	76	0	0
76	77	2	3
76	78	98	196
76	79	0	0
77	0	7	14
77	1	17	34
77	2	53	105
77	3	18	36
77	4	36	71
77	5	17	34
77	6	117	235
77	7	116	233
77	8	127	254
77	9	117	235
77	10	154	308
77	11	115	231
77	12	27	53
77	13	43	87
77	14	27	55
77	15	39	78
77	16	67	135
77	17	27	53
77	18	101	201
77	19	27	54
77	20	35	69
77	21	23	45
77	22	101	201
77	23	60	120
77	24	116	231
77	25	16	32
77	26	86	172
77	27	60	120
77	28	90	180
77	29	75	151
77	30	159	317
77	31	90	180
77	32	74	149
77	33	43	86
77	34	34	69
77	35	96	192
77	36	78	156
77	37	43	86
77	38	23	46
77	39	78	156
77	40	34	68
77	41	23	46
77	42	160	320
77	43	79	158
77	44	80	160
77	45	103	206
77	46	147	293
77	47	79	158
77	48	159	318
77	49	102	205
77	50	137	274
77	51	171	343
77	52	199	399
77	53	159	318
77	54	133	266
77	55	163	327
77	56	96	192
77	57	139	278
77	58	167	335
77	59	133	266
77	60	67	133
77	61	41	82
77	62	99	197
77	63	109	218
77	64	60	119
77	65	67	133
77	66	45	90
77	67	54	110
77	68	127	255
77	69	45	90
77	70	127	255
77	71	122	243
77	72	155	309
77	73	113	226
77	74	127	255
77	75	159	319
77	76	2	3
77	77	0	0
77	78	99	199
77	79	2	3
78	0	97	194
78	1	103	206
78	2	141	283
78	3	114	229
78	4	110	220
78	5	103	206
78	6	18	36
78	7	75	151
78	8	35	70
78	9	18	36
78	10	101	202
78	11	122	243
78	12	74	147
78	13	57	114
78	14	72	144
78	15	62	124
78	16	40	80
78	17	74	147
78	18	184	369
78	19	125	250
78	20	122	244
78	21	115	230
78	22	184	369
78	23	157	315
78	24	207	414
78	25	113	226
78	26	185	371
78	27	157	315
78	28	84	167
78	29	72	143
78	30	97	195
78	31	84	167
78	32	25	51
78	33	142	284
78	34	66	132
78	35	191	382
78	36	167	334
78	37	142	284
78	38	88	176
78	39	137	275
78	40	97	195
78	41	88	176
78	42	91	182
78	43	103	206
78	44	102	204
78	45	73	146
78	46	160	320
78	47	103	206
78	48	81	161
78	49	17	34
78	50	60	120
78	51	122	245
78	52	126	252
78	53	81	161
78	54	230	462
78	55	253	506
78	56	188	376
78	57	238	476
78	58	266	533
78	59	230	462
78	60	130	261
78	61	109	217
78	62	184	367
78	63	163	325
78	64	115	229
78	65	130	261
78	66	58	116
78	67	46	92
78	68	50	101
78	69	58	116
78	70	90	180
78	71	96	192
78	72	119	238
78	73	36	72
78	74	90	180
78	75	79	158
78	76	98	196
78	77	99	199
78	78	0	0
78	79	98	196
79	0	6	11
79	1	16	33
79	2	54	108
79	3	19	39
79	4	35	70
79	5	16	33
79	6	116	232
79	7	116	232
79	8	125	252
79	9	116	232
79	10	152	305
79	11	114	228
79	12	25	51
79	13	42	85
79	14	26	52
79	15	37	75
79	16	66	133
79	17	25	51
79	18	101	202
79	19	28	56
79	20	35	69
79	21	23	46
79	22	101	202
79	23	62	123
79	24	117	234
79	25	17	33
79	26	87	175
79	27	62	123
79	28	90	180
79	29	75	150
79	30	158	316
79	31	90	180
79	32	73	147
79	33	44	88
79	34	33	67
79	35	98	195
79	36	78	157
79	37	44	88
79	38	23	46
79	39	79	159
79	40	35	70
79	41	23	46
79	42	160	319
79	43	79	159
79	44	80	160
79	45	103	205
79	46	148	295
79	47	79	159
79	48	157	315
79	49	101	202
79	50	135	271
79	51	170	340
79	52	198	396
79	53	157	315
79	54	135	269
79	55	165	330
79	56	97	195
79	57	140	280
79	58	168	337
79	59	135	269
79	60	66	132
79	61	40	80
79	62	99	198
79	63	108	217
79	64	59	117
79	65	66	132
79	66	44	88
79	67	53	107
79	68	126	253
79	69	44	88
79	70	127	255
79	71	122	243
79	72	155	309
79	73	112	224
79	74	127	255
79	75	158	317
79	76	0	0
79	77	2	3
79	78	98	196
79	79	0	0
</TRAVEL_COSTS_TIMES>
