<NB_CUSTOMERS>20</NB_CUSTOMERS>
<NB_LOCATIONS>66</NB_LOCATIONS>
<NB_VEHICLES>5</NB_VEHICLES>
<VEHICLE_CAPACITY>750</VEHICLE_CAPACITY>
<EXTERNAL_VEHICLE_COST>6100</EXTERNAL_VEHICLE_COST>
<DEPOT>	ID	DEMAND	NBLOC	LOCS
0	0	1		0
</DEPOT>
<CUSTOMERS>	ID	DEMAND	NBLOC	LOCS
1	31	3			1	2	3
2	52	1			4
3	80	4			5	6	7	8
4	60	5			9	10	11	12	13
5	69	4			14	15	16	17
6	40	1			18
7	29	3			19	20	21
8	62	4			22	23	24	25
9	36	4			26	27	28	29
10	56	5			30	31	32	33	34
11	68	1			35
12	46	5			36	37	38	39	40
13	35	6			41	42	43	44	45	46
14	31	1			47
15	64	5			48	49	50	51	52
16	55	6			53	54	55	56	57	58
17	28	1			59
18	56	1			60
19	49	1			61
20	33	4			62	63	64	65
</CUSTOMERS>
<LOCATIONS>	ID	x	y	TWE	TWL
0	0	0	0	720
1	-45.4948	115.397	0	59
2	-89.0298	66.5766	190	247
3	-45.4948	115.397	378	720
4	2.91906	-24.9757	0	720
5	12.3695	-41.9005	0	36
6	-16.5891	-134.91	231	275
7	9.42512	-10.784	529	552
8	12.3695	-41.9005	615	720
9	40.1245	90.4438	0	79
10	34.8201	93.7509	92	98
11	22.409	111.787	142	350
12	45.0543	120.433	398	425
13	40.1245	90.4438	486	720
14	-1.69261	0.795651	0	14
15	-20.5623	13.4449	59	169
16	49.8813	6.1781	311	425
17	-1.69261	0.795651	529	720
18	67.447	13.8937	0	720
19	110.39	-97.1578	0	62
20	110.156	-96.9447	63	358
21	110.39	-97.1578	359	720
22	36.0263	47.4729	0	33
23	141.201	8.46633	257	262
24	72.8837	-47.0266	438	502
25	36.0263	47.4729	705	720
26	32.9833	-37.437	0	43
27	80.1245	-12.7702	149	186
28	-39.8384	-84.3818	465	500
29	32.9833	-37.437	673	720
30	-85.4591	-92.1762	0	22
31	-78.8728	-136.197	111	154
32	-9.91126	-82.5754	329	372
33	-48.4325	-27.8059	506	529
34	-85.4591	-92.1762	678	720
35	-78.6916	-18.5163	0	720
36	3.30298	-2.26676	0	92
37	-8.06856	-19.7619	134	248
38	9.94356	45.5482	383	469
39	42.2476	9.27574	566	566
40	3.30298	-2.26676	647	720
41	-87.7053	-58.1421	0	101
42	-103.837	-68.8733	140	269
43	-76.2709	-42.9396	345	359
44	-86.0294	-63.3014	404	425
45	-77.0563	-18.5238	516	557
46	-87.7053	-58.1421	639	720
47	-67.374	5.45551	0	720
48	53.127	131.422	0	27
49	71.3116	138.846	66	93
50	102.478	167.251	177	180
51	112.469	152.34	216	303
52	53.127	131.422	429	720
53	59.5072	36.9748	0	6
54	77.4391	50.0197	50	170
55	3.61485	60.3834	319	392
56	66.9917	68.0107	520	545
57	89.6771	48.7556	605	640
58	59.5072	36.9748	705	720
59	-28.7937	-24.8487	0	720
60	94.2619	118.717	0	720
61	14.3548	28.9509	0	720
62	75.1274	52.0896	0	29
63	153.701	108.991	223	236
64	78.5426	74.2605	402	443
65	75.1274	52.0896	488	720
</LOCATIONS>
<TRAVEL_COSTS_TIMES>	IDFROM	IDTO	COST	TIME
0	0	0	0
0	1	124	248
0	2	111	222
0	3	124	248
0	4	25	50
0	5	44	87
0	6	136	272
0	7	14	29
0	8	44	87
0	9	99	198
0	10	100	200
0	11	114	228
0	12	128	257
0	13	99	198
0	14	2	4
0	15	25	49
0	16	50	101
0	17	2	4
0	18	69	138
0	19	147	294
0	20	147	293
0	21	147	294
0	22	60	119
0	23	141	283
0	24	87	173
0	25	60	119
0	26	50	100
0	27	81	162
0	28	93	187
0	29	50	100
0	30	126	251
0	31	157	315
0	32	83	166
0	33	56	112
0	34	126	251
0	35	81	162
0	36	4	8
0	37	21	43
0	38	47	93
0	39	43	87
0	40	4	8
0	41	105	210
0	42	124	249
0	43	88	175
0	44	107	214
0	45	79	159
0	46	105	210
0	47	68	135
0	48	142	284
0	49	156	312
0	50	196	392
0	51	189	379
0	52	142	284
0	53	70	140
0	54	92	184
0	55	60	121
0	56	95	191
0	57	102	204
0	58	70	140
0	59	38	76
0	60	152	303
0	61	32	65
0	62	91	183
0	63	188	377
0	64	108	216
0	65	91	183
1	0	124	248
1	1	0	0
1	2	65	131
1	3	0	0
1	4	148	297
1	5	167	335
1	6	252	503
1	7	137	275
1	8	167	335
1	9	89	178
1	10	83	166
1	11	68	136
1	12	91	181
1	13	89	178
1	14	123	245
1	15	105	210
1	16	145	290
1	17	123	245
1	18	152	304
1	19	263	527
1	20	263	526
1	21	263	527
1	22	106	212
1	23	215	430
1	24	201	402
1	25	106	212
1	26	172	344
1	27	179	359
1	28	200	400
1	29	172	344
1	30	211	422
1	31	254	508
1	32	201	402
1	33	143	286
1	34	211	422
1	35	138	276
1	36	127	255
1	37	140	280
1	38	89	178
1	39	138	275
1	40	127	255
1	41	179	357
1	42	193	387
1	43	161	322
1	44	183	366
1	45	138	275
1	46	179	357
1	47	112	224
1	48	100	200
1	49	119	238
1	50	157	314
1	51	162	324
1	52	100	200
1	53	131	262
1	54	139	278
1	55	74	147
1	56	122	244
1	57	151	301
1	58	131	262
1	59	141	282
1	60	140	279
1	61	105	210
1	62	136	272
1	63	199	399
1	64	131	261
1	65	136	272
2	0	111	222
2	1	65	131
2	2	0	0
2	3	65	131
2	4	130	260
2	5	148	297
2	6	214	428
2	7	125	250
2	8	148	297
2	9	131	263
2	10	127	254
2	11	120	241
2	12	144	289
2	13	131	263
2	14	109	218
2	15	87	173
2	16	151	302
2	17	109	218
2	18	165	330
2	19	257	516
2	20	257	515
2	21	257	516
2	22	127	253
2	23	237	475
2	24	198	395
2	25	127	253
2	26	160	321
2	27	187	373
2	28	159	318
2	29	160	321
2	30	159	317
2	31	203	406
2	32	169	338
2	33	103	205
2	34	159	317
2	35	86	171
2	36	115	230
2	37	118	237
2	38	101	202
2	39	143	286
2	40	115	230
2	41	125	249
2	42	136	273
2	43	110	220
2	44	130	260
2	45	86	172
2	46	125	249
2	47	65	130
2	48	156	312
2	49	176	351
2	50	216	433
2	51	219	438
2	52	156	312
2	53	151	303
2	54	167	335
2	55	93	186
2	56	156	312
2	57	179	359
2	58	151	303
2	59	109	219
2	60	191	381
2	61	110	220
2	62	165	330
2	63	246	493
2	64	168	335
2	65	165	330
3	0	124	248
3	1	0	0
3	2	65	131
3	3	0	0
3	4	148	297
3	5	167	335
3	6	252	503
3	7	137	275
3	8	167	335
3	9	89	178
3	10	83	166
3	11	68	136
3	12	91	181
3	13	89	178
3	14	123	245
3	15	105	210
3	16	145	290
3	17	123	245
3	18	152	304
3	19	263	527
3	20	263	526
3	21	263	527
3	22	106	212
3	23	215	430
3	24	201	402
3	25	106	212
3	26	172	344
3	27	179	359
3	28	200	400
3	29	172	344
3	30	211	422
3	31	254	508
3	32	201	402
3	33	143	286
3	34	211	422
3	35	138	276
3	36	127	255
3	37	140	280
3	38	89	178
3	39	138	275
3	40	127	255
3	41	179	357
3	42	193	387
3	43	161	322
3	44	183	366
3	45	138	275
3	46	179	357
3	47	112	224
3	48	100	200
3	49	119	238
3	50	157	314
3	51	162	324
3	52	100	200
3	53	131	262
3	54	139	278
3	55	74	147
3	56	122	244
3	57	151	301
3	58	131	262
3	59	141	282
3	60	140	279
3	61	105	210
3	62	136	272
3	63	199	399
3	64	131	261
3	65	136	272
4	0	25	50
4	1	148	297
4	2	130	260
4	3	148	297
4	4	0	0
4	5	19	39
4	6	112	223
4	7	16	31
4	8	19	39
4	9	121	243
4	10	123	246
4	11	138	276
4	12	151	303
4	13	121	243
4	14	26	52
4	15	45	90
4	16	56	113
4	17	26	52
4	18	75	151
4	19	129	259
4	20	129	258
4	21	129	259
4	22	80	159
4	23	142	285
4	24	73	147
4	25	80	159
4	26	33	65
4	27	78	156
4	28	73	146
4	29	33	65
4	30	111	222
4	31	138	276
4	32	59	118
4	33	51	103
4	34	111	222
4	35	82	163
4	36	23	45
4	37	12	24
4	38	71	142
4	39	52	104
4	40	23	45
4	41	97	193
4	42	115	231
4	43	81	162
4	44	97	194
4	45	80	160
4	46	97	193
4	47	76	153
4	48	164	329
4	49	178	355
4	50	216	433
4	51	208	417
4	52	164	329
4	53	84	168
4	54	106	211
4	55	85	170
4	56	113	226
4	57	114	227
4	58	84	168
4	59	32	63
4	60	170	341
4	61	55	110
4	62	106	211
4	63	202	403
4	64	125	250
4	65	106	211
5	0	44	87
5	1	167	335
5	2	148	297
5	3	167	335
5	4	19	39
5	5	0	0
5	6	97	195
5	7	31	63
5	8	0	0
5	9	135	270
5	10	137	275
5	11	154	308
5	12	165	331
5	13	135	270
5	14	45	90
5	15	64	129
5	16	61	122
5	17	45	90
5	18	78	157
5	19	112	225
5	20	112	224
5	21	112	225
5	22	92	185
5	23	138	277
5	24	61	121
5	25	92	185
5	26	21	42
5	27	74	148
5	28	67	135
5	29	21	42
5	30	110	220
5	31	131	262
5	32	46	93
5	33	62	125
5	34	110	220
5	35	94	188
5	36	41	81
5	37	30	60
5	38	87	175
5	39	59	119
5	40	41	81
5	41	101	203
5	42	119	238
5	43	89	177
5	44	101	201
5	45	92	185
5	46	101	203
5	47	93	185
5	48	178	356
5	49	190	380
5	50	228	455
5	51	218	436
5	52	178	356
5	53	92	184
5	54	113	225
5	55	102	205
5	56	123	245
5	57	119	238
5	58	92	184
5	59	45	89
5	60	180	360
5	61	71	142
5	62	113	226
5	63	206	413
5	64	133	267
5	65	113	226
6	0	136	272
6	1	252	503
6	2	214	428
6	3	252	503
6	4	112	223
6	5	97	195
6	6	0	0
6	7	127	254
6	8	97	195
6	9	232	465
6	10	234	469
6	11	249	499
6	12	262	525
6	13	232	465
6	14	137	273
6	15	148	297
6	16	156	312
6	17	137	273
6	18	171	342
6	19	132	265
6	20	132	265
6	21	132	265
6	22	189	380
6	23	213	426
6	24	125	251
6	25	189	380
6	26	109	219
6	27	156	312
6	28	56	111
6	29	109	219
6	30	81	162
6	31	62	125
6	32	53	106
6	33	112	223
6	34	81	162
6	35	132	264
6	36	134	268
6	37	115	231
6	38	182	365
6	39	156	311
6	40	134	268
6	41	105	209
6	42	109	219
6	43	110	219
6	44	100	199
6	45	131	262
6	46	105	209
6	47	149	299
6	48	275	551
6	49	287	575
6	50	324	649
6	51	315	629
6	52	275	551
6	53	188	376
6	54	207	415
6	55	196	393
6	56	219	438
6	57	212	424
6	58	188	376
6	59	111	221
6	60	277	553
6	61	167	333
6	62	208	417
6	63	297	595
6	64	230	460
6	65	208	417
7	0	14	29
7	1	137	275
7	2	125	250
7	3	137	275
7	4	16	31
7	5	31	63
7	6	127	254
7	7	0	0
7	8	31	63
7	9	106	212
7	10	108	215
7	11	123	246
7	12	136	272
7	13	106	212
7	14	16	32
7	15	39	77
7	16	44	88
7	17	16	32
7	18	63	126
7	19	133	266
7	20	133	265
7	21	133	266
7	22	64	128
7	23	133	266
7	24	73	146
7	25	64	128
7	26	36	71
7	27	71	141
7	28	89	177
7	29	36	71
7	30	125	250
7	31	153	307
7	32	74	149
7	33	60	121
7	34	125	250
7	35	88	177
7	36	10	21
7	37	20	39
7	38	56	113
7	39	38	77
7	40	10	21
7	41	108	216
7	42	127	254
7	43	92	183
7	44	109	218
7	45	87	174
7	46	108	216
7	47	78	157
7	48	149	298
7	49	162	324
7	50	201	402
7	51	193	386
7	52	149	298
7	53	69	138
7	54	91	182
7	55	71	143
7	56	98	195
7	57	100	200
7	58	69	138
7	59	41	81
7	60	155	310
7	61	40	80
7	62	91	181
7	63	187	375
7	64	110	219
7	65	91	181
8	0	44	87
8	1	167	335
8	2	148	297
8	3	167	335
8	4	19	39
8	5	0	0
8	6	97	195
8	7	31	63
8	8	0	0
8	9	135	270
8	10	137	275
8	11	154	308
8	12	165	331
8	13	135	270
8	14	45	90
8	15	64	129
8	16	61	122
8	17	45	90
8	18	78	157
8	19	112	225
8	20	112	224
8	21	112	225
8	22	92	185
8	23	138	277
8	24	61	121
8	25	92	185
8	26	21	42
8	27	74	148
8	28	67	135
8	29	21	42
8	30	110	220
8	31	131	262
8	32	46	93
8	33	62	125
8	34	110	220
8	35	94	188
8	36	41	81
8	37	30	60
8	38	87	175
8	39	59	119
8	40	41	81
8	41	101	203
8	42	119	238
8	43	89	177
8	44	101	201
8	45	92	185
8	46	101	203
8	47	93	185
8	48	178	356
8	49	190	380
8	50	228	455
8	51	218	436
8	52	178	356
8	53	92	184
8	54	113	225
8	55	102	205
8	56	123	245
8	57	119	238
8	58	92	184
8	59	45	89
8	60	180	360
8	61	71	142
8	62	113	226
8	63	206	413
8	64	133	267
8	65	113	226
9	0	99	198
9	1	89	178
9	2	131	263
9	3	89	178
9	4	121	243
9	5	135	270
9	6	232	465
9	7	106	212
9	8	135	270
9	9	0	0
9	10	6	13
9	11	28	55
9	12	30	61
9	13	0	0
9	14	99	198
9	15	98	196
9	16	85	170
9	17	99	198
9	18	81	163
9	19	200	400
9	20	200	400
9	21	200	400
9	22	43	86
9	23	130	260
9	24	141	283
9	25	43	86
9	26	128	256
9	27	111	221
9	28	192	384
9	29	128	256
9	30	222	443
9	31	256	512
9	32	180	360
9	33	148	295
9	34	222	443
9	35	161	322
9	36	100	199
9	37	120	240
9	38	54	108
9	39	81	162
9	40	100	199
9	41	196	392
9	42	215	429
9	43	177	354
9	44	199	398
9	45	160	320
9	46	196	392
9	47	137	274
9	48	43	86
9	49	58	115
9	50	99	198
9	51	95	190
9	52	43	86
9	53	57	114
9	54	55	110
9	55	47	95
9	56	35	70
9	57	65	130
9	58	57	114
9	59	134	269
9	60	61	122
9	61	67	133
9	62	52	104
9	63	115	230
9	64	42	83
9	65	52	104
10	0	100	200
10	1	83	166
10	2	127	254
10	3	83	166
10	4	123	246
10	5	137	275
10	6	234	469
10	7	108	215
10	8	137	275
10	9	6	13
10	10	0	0
10	11	22	44
10	12	29	57
10	13	6	13
10	14	100	200
10	15	98	195
10	16	89	178
10	17	100	200
10	18	86	173
10	19	205	411
10	20	205	410
10	21	205	411
10	22	46	93
10	23	136	272
10	24	146	292
10	25	46	93
10	26	131	262
10	27	116	232
10	28	193	386
10	29	131	262
10	30	221	443
10	31	256	513
10	32	182	364
10	33	147	295
10	34	221	443
10	35	160	319
10	36	101	202
10	37	121	243
10	38	54	108
10	39	85	170
10	40	101	202
10	41	195	390
10	42	214	427
10	43	176	352
10	44	198	396
10	45	158	317
10	46	195	390
10	47	135	270
10	48	42	84
10	49	58	116
10	50	100	200
10	51	97	195
10	52	42	84
10	53	62	124
10	54	61	122
10	55	46	91
10	56	41	82
10	57	71	142
10	58	62	124
10	59	134	269
10	60	64	129
10	61	68	136
10	62	58	116
10	63	120	240
10	64	48	96
10	65	58	116
11	0	114	228
11	1	68	136
11	2	120	241
11	3	68	136
11	4	138	276
11	5	154	308
11	6	249	499
11	7	123	246
11	8	154	308
11	9	28	55
11	10	22	44
11	11	0	0
11	12	24	48
11	13	28	55
11	14	113	227
11	15	107	215
11	16	109	218
11	17	113	227
11	18	108	216
11	19	226	453
11	20	226	453
11	21	226	453
11	22	66	131
11	23	157	315
11	24	167	333
11	25	66	131
11	26	150	299
11	27	137	275
11	28	206	411
11	29	150	299
11	30	231	461
11	31	268	535
11	32	196	394
11	33	157	313
11	34	231	461
11	35	165	330
11	36	115	231
11	37	135	270
11	38	67	135
11	39	104	208
11	40	115	231
11	41	202	405
11	42	220	441
11	43	184	367
11	44	206	412
11	45	164	328
11	46	202	405
11	47	139	278
11	48	36	73
11	49	56	112
11	50	97	195
11	51	99	197
11	52	36	73
11	53	84	167
11	54	83	165
11	55	55	109
11	56	62	125
11	57	92	184
11	58	84	167
11	59	146	291
11	60	72	144
11	61	83	166
11	62	80	159
11	63	131	263
11	64	68	135
11	65	80	159
12	0	128	257
12	1	91	181
12	2	144	289
12	3	91	181
12	4	151	303
12	5	165	331
12	6	262	525
12	7	136	272
12	8	165	331
12	9	30	61
12	10	29	57
12	11	24	48
12	12	0	0
12	13	30	61
12	14	128	257
12	15	126	251
12	16	114	229
12	17	128	257
12	18	109	218
12	19	227	454
12	20	227	454
12	21	227	454
12	22	73	147
12	23	148	295
12	24	170	339
12	25	73	147
12	26	158	317
12	27	138	275
12	28	221	443
12	29	158	317
12	30	249	499
12	31	285	570
12	32	210	421
12	33	175	351
12	34	249	499
12	35	186	372
12	36	129	259
12	37	149	300
12	38	83	165
12	39	111	222
12	40	129	259
12	41	222	445
12	42	241	482
12	43	203	407
12	44	226	451
12	45	185	370
12	46	222	445
12	47	161	322
12	48	14	27
12	49	32	64
12	50	74	148
12	51	75	149
12	52	14	27
12	53	85	169
12	54	78	155
12	55	73	146
12	56	57	114
12	57	84	169
12	58	85	169
12	59	163	326
12	60	49	98
12	61	96	193
12	62	75	149
12	63	109	218
12	64	57	114
12	65	75	149
13	0	99	198
13	1	89	178
13	2	131	263
13	3	89	178
13	4	121	243
13	5	135	270
13	6	232	465
13	7	106	212
13	8	135	270
13	9	0	0
13	10	6	13
13	11	28	55
13	12	30	61
13	13	0	0
13	14	99	198
13	15	98	196
13	16	85	170
13	17	99	198
13	18	81	163
13	19	200	400
13	20	200	400
13	21	200	400
13	22	43	86
13	23	130	260
13	24	141	283
13	25	43	86
13	26	128	256
13	27	111	221
13	28	192	384
13	29	128	256
13	30	222	443
13	31	256	512
13	32	180	360
13	33	148	295
13	34	222	443
13	35	161	322
13	36	100	199
13	37	120	240
13	38	54	108
13	39	81	162
13	40	100	199
13	41	196	392
13	42	215	429
13	43	177	354
13	44	199	398
13	45	160	320
13	46	196	392
13	47	137	274
13	48	43	86
13	49	58	115
13	50	99	198
13	51	95	190
13	52	43	86
13	53	57	114
13	54	55	110
13	55	47	95
13	56	35	70
13	57	65	130
13	58	57	114
13	59	134	269
13	60	61	122
13	61	67	133
13	62	52	104
13	63	115	230
13	64	42	83
13	65	52	104
14	0	2	4
14	1	123	245
14	2	109	218
14	3	123	245
14	4	26	52
14	5	45	90
14	6	137	273
14	7	16	32
14	8	45	90
14	9	99	198
14	10	100	200
14	11	113	227
14	12	128	257
14	13	99	198
14	14	0	0
14	15	23	45
14	16	52	104
14	17	0	0
14	18	70	141
14	19	149	298
14	20	149	297
14	21	149	298
14	22	60	120
14	23	143	286
14	24	89	177
14	25	60	120
14	26	52	103
14	27	83	166
14	28	93	187
14	29	52	103
14	30	125	250
14	31	157	314
14	32	84	168
14	33	55	110
14	34	125	250
14	35	79	159
14	36	6	12
14	37	22	43
14	38	46	92
14	39	45	90
14	40	6	12
14	41	104	209
14	42	123	247
14	43	86	173
14	44	106	212
14	45	78	156
14	46	104	209
14	47	66	132
14	48	142	283
14	49	156	312
14	50	196	393
14	51	190	379
14	52	142	283
14	53	71	142
14	54	93	186
14	55	60	120
14	56	96	192
14	57	103	206
14	58	71	142
14	59	37	75
14	60	152	304
14	61	32	65
14	62	92	185
14	63	189	379
14	64	109	218
14	65	92	185
15	0	25	49
15	1	105	210
15	2	87	173
15	3	105	210
15	4	45	90
15	5	64	129
15	6	148	297
15	7	39	77
15	8	64	129
15	9	98	196
15	10	98	195
15	11	107	215
15	12	126	251
15	13	98	196
15	14	23	45
15	15	0	0
15	16	71	142
15	17	23	45
15	18	88	176
15	19	171	343
15	20	171	342
15	21	171	343
15	22	66	132
15	23	162	324
15	24	111	222
15	25	66	132
15	26	74	148
15	27	104	208
15	28	100	199
15	29	74	148
15	30	124	248
15	31	161	321
15	32	97	193
15	33	50	100
15	34	124	248
15	35	66	133
15	36	29	57
15	37	35	71
15	38	44	89
15	39	63	126
15	40	29	57
15	41	98	196
15	42	117	234
15	43	79	159
15	44	101	202
15	45	65	130
15	46	98	196
15	47	47	95
15	48	139	278
15	49	155	311
15	50	197	394
15	51	192	385
15	52	139	278
15	53	83	167
15	54	105	209
15	55	53	106
15	56	103	206
15	57	115	232
15	58	83	167
15	59	39	78
15	60	156	312
15	61	38	76
15	62	103	206
15	63	199	397
15	64	116	232
15	65	103	206
16	0	50	101
16	1	145	290
16	2	151	302
16	3	145	290
16	4	56	113
16	5	61	122
16	6	156	312
16	7	44	88
16	8	61	122
16	9	85	170
16	10	89	178
16	11	109	218
16	12	114	229
16	13	85	170
16	14	52	104
16	15	71	142
16	16	0	0
16	17	52	104
16	18	19	38
16	19	119	239
16	20	119	239
16	21	119	239
16	22	44	87
16	23	91	183
16	24	58	116
16	25	44	87
16	26	47	94
16	27	36	71
16	28	127	255
16	29	47	94
16	30	167	335
16	31	192	384
16	32	107	214
16	33	104	208
16	34	167	335
16	35	131	262
16	36	47	95
16	37	63	127
16	38	56	112
16	39	8	16
16	40	47	95
16	41	151	304
16	42	170	342
16	43	135	271
16	44	152	305
16	45	129	259
16	46	151	304
16	47	117	235
16	48	125	251
16	49	134	269
16	50	169	339
16	51	159	318
16	52	125	251
16	53	32	65
16	54	52	104
16	55	71	143
16	56	64	128
16	57	58	117
16	58	32	65
16	59	84	169
16	60	121	242
16	61	42	84
16	62	52	105
16	63	146	292
16	64	74	148
16	65	52	105
17	0	2	4
17	1	123	245
17	2	109	218
17	3	123	245
17	4	26	52
17	5	45	90
17	6	137	273
17	7	16	32
17	8	45	90
17	9	99	198
17	10	100	200
17	11	113	227
17	12	128	257
17	13	99	198
17	14	0	0
17	15	23	45
17	16	52	104
17	17	0	0
17	18	70	141
17	19	149	298
17	20	149	297
17	21	149	298
17	22	60	120
17	23	143	286
17	24	89	177
17	25	60	120
17	26	52	103
17	27	83	166
17	28	93	187
17	29	52	103
17	30	125	250
17	31	157	314
17	32	84	168
17	33	55	110
17	34	125	250
17	35	79	159
17	36	6	12
17	37	22	43
17	38	46	92
17	39	45	90
17	40	6	12
17	41	104	209
17	42	123	247
17	43	86	173
17	44	106	212
17	45	78	156
17	46	104	209
17	47	66	132
17	48	142	283
17	49	156	312
17	50	196	393
17	51	190	379
17	52	142	283
17	53	71	142
17	54	93	186
17	55	60	120
17	56	96	192
17	57	103	206
17	58	71	142
17	59	37	75
17	60	152	304
17	61	32	65
17	62	92	185
17	63	189	379
17	64	109	218
17	65	92	185
18	0	69	138
18	1	152	304
18	2	165	330
18	3	152	304
18	4	75	151
18	5	78	157
18	6	171	342
18	7	63	126
18	8	78	157
18	9	81	163
18	10	86	173
18	11	108	216
18	12	109	218
18	13	81	163
18	14	70	141
18	15	88	176
18	16	19	38
18	17	70	141
18	18	0	0
18	19	119	238
18	20	119	238
18	21	119	238
18	22	46	92
18	23	74	148
18	24	61	122
18	25	46	92
18	26	62	124
18	27	30	59
18	28	145	291
18	29	62	124
18	30	186	372
18	31	209	419
18	32	124	247
18	33	123	246
18	34	186	372
18	35	149	299
18	36	66	132
18	37	82	165
18	38	66	131
18	39	26	51
18	40	66	132
18	41	170	342
18	42	189	380
18	43	154	309
18	44	171	343
18	45	148	296
18	46	170	342
18	47	135	270
18	48	118	237
18	49	125	250
18	50	157	314
18	51	145	291
18	52	118	237
18	53	24	49
18	54	37	75
18	55	79	158
18	56	54	108
18	57	41	83
18	58	24	49
18	59	103	207
18	60	108	216
18	61	55	110
18	62	39	78
18	63	128	257
18	64	61	123
18	65	39	78
19	0	147	294
19	1	263	527
19	2	257	516
19	3	263	527
19	4	129	259
19	5	112	225
19	6	132	265
19	7	133	266
19	8	112	225
19	9	200	400
19	10	205	411
19	11	226	453
19	12	227	454
19	13	200	400
19	14	149	298
19	15	171	343
19	16	119	239
19	17	149	298
19	18	119	238
19	19	0	0
19	20	0	1
19	21	0	0
19	22	162	325
19	23	110	220
19	24	62	125
19	25	162	325
19	26	97	196
19	27	89	179
19	28	151	302
19	29	97	196
19	30	196	392
19	31	193	386
19	32	121	242
19	33	173	347
19	34	196	392
19	35	204	410
19	36	143	286
19	37	141	283
19	38	174	349
19	39	126	253
19	40	143	286
19	41	202	404
19	42	216	432
19	43	194	389
19	44	199	399
19	45	203	407
19	46	202	404
19	47	205	410
19	48	235	471
19	49	239	478
19	50	264	529
19	51	249	499
19	52	235	471
19	53	143	287
19	54	151	302
19	55	190	381
19	56	171	342
19	57	147	295
19	58	143	287
19	59	157	314
19	60	216	433
19	61	158	317
19	62	153	307
19	63	210	421
19	64	174	349
19	65	153	307
20	0	147	293
20	1	263	526
20	2	257	515
20	3	263	526
20	4	129	258
20	5	112	224
20	6	132	265
20	7	133	265
20	8	112	224
20	9	200	400
20	10	205	410
20	11	226	453
20	12	227	454
20	13	200	400
20	14	149	297
20	15	171	342
20	16	119	239
20	17	149	297
20	18	119	238
20	19	0	1
20	20	0	0
20	21	0	1
20	22	162	325
20	23	110	220
20	24	62	125
20	25	162	325
20	26	97	195
20	27	89	179
20	28	151	301
20	29	97	195
20	30	196	391
20	31	193	386
20	32	121	242
20	33	173	346
20	34	196	391
20	35	204	409
20	36	143	286
20	37	141	282
20	38	174	348
20	39	126	252
20	40	143	286
20	41	202	403
20	42	216	432
20	43	194	388
20	44	199	398
20	45	203	406
20	46	202	403
20	47	205	409
20	48	235	471
20	49	239	478
20	50	264	529
20	51	249	499
20	52	235	471
20	53	143	286
20	54	151	301
20	55	190	380
20	56	171	341
20	57	147	294
20	58	143	286
20	59	157	313
20	60	216	432
20	61	158	316
20	62	153	306
20	63	210	421
20	64	174	348
20	65	153	306
21	0	147	294
21	1	263	527
21	2	257	516
21	3	263	527
21	4	129	259
21	5	112	225
21	6	132	265
21	7	133	266
21	8	112	225
21	9	200	400
21	10	205	411
21	11	226	453
21	12	227	454
21	13	200	400
21	14	149	298
21	15	171	343
21	16	119	239
21	17	149	298
21	18	119	238
21	19	0	0
21	20	0	1
21	21	0	0
21	22	162	325
21	23	110	220
21	24	62	125
21	25	162	325
21	26	97	196
21	27	89	179
21	28	151	302
21	29	97	196
21	30	196	392
21	31	193	386
21	32	121	242
21	33	173	347
21	34	196	392
21	35	204	410
21	36	143	286
21	37	141	283
21	38	174	349
21	39	126	253
21	40	143	286
21	41	202	404
21	42	216	432
21	43	194	389
21	44	199	399
21	45	203	407
21	46	202	404
21	47	205	410
21	48	235	471
21	49	239	478
21	50	264	529
21	51	249	499
21	52	235	471
21	53	143	287
21	54	151	302
21	55	190	381
21	56	171	342
21	57	147	295
21	58	143	287
21	59	157	314
21	60	216	433
21	61	158	317
21	62	153	307
21	63	210	421
21	64	174	349
21	65	153	307
22	0	60	119
22	1	106	212
22	2	127	253
22	3	106	212
22	4	80	159
22	5	92	185
22	6	189	380
22	7	64	128
22	8	92	185
22	9	43	86
22	10	46	93
22	11	66	131
22	12	73	147
22	13	43	86
22	14	60	120
22	15	66	132
22	16	44	87
22	17	60	120
22	18	46	92
22	19	162	325
22	20	162	325
22	21	162	325
22	22	0	0
22	23	112	224
22	24	101	203
22	25	0	0
22	26	85	170
22	27	75	149
22	28	152	304
22	29	85	170
22	30	185	370
22	31	216	433
22	32	138	276
22	33	113	226
22	34	185	370
22	35	132	265
22	36	60	119
22	37	80	161
22	38	26	52
22	39	39	77
22	40	60	119
22	41	163	325
22	42	182	364
22	43	144	288
22	44	165	329
22	45	131	262
22	46	163	325
22	47	112	223
22	48	86	171
22	49	98	196
22	50	137	274
22	51	130	260
22	52	86	171
22	53	26	51
22	54	41	83
22	55	35	70
22	56	37	74
22	57	53	107
22	58	26	51
22	59	97	194
22	60	92	184
22	61	29	57
22	62	39	79
22	63	133	266
22	64	50	100
22	65	39	79
23	0	141	283
23	1	215	430
23	2	237	475
23	3	215	430
23	4	142	285
23	5	138	277
23	6	213	426
23	7	133	266
23	8	138	277
23	9	130	260
23	10	136	272
23	11	157	315
23	12	148	295
23	13	130	260
23	14	143	286
23	15	162	324
23	16	91	183
23	17	143	286
23	18	74	148
23	19	110	220
23	20	110	220
23	21	110	220
23	22	112	224
23	23	0	0
23	24	88	176
23	25	112	224
23	26	118	235
23	27	65	129
23	28	203	407
23	29	118	235
23	30	248	496
23	31	263	527
23	32	176	353
23	33	193	386
23	34	248	496
23	35	221	443
23	36	138	277
23	37	152	304
23	38	136	273
23	39	99	198
23	40	138	277
23	41	238	477
23	42	257	513
23	43	223	447
23	44	238	476
23	45	220	440
23	46	238	477
23	47	208	417
23	48	151	302
23	49	148	296
23	50	163	327
23	51	147	293
23	52	151	302
23	53	87	173
23	54	76	152
23	55	147	294
23	56	95	190
23	57	65	131
23	58	87	173
23	59	173	346
23	60	120	240
23	61	128	257
23	62	79	158
23	63	101	203
23	64	91	182
23	65	79	158
24	0	87	173
24	1	201	402
24	2	198	395
24	3	201	402
24	4	73	147
24	5	61	121
24	6	125	251
24	7	73	146
24	8	61	121
24	9	141	283
24	10	146	292
24	11	167	333
24	12	170	339
24	13	141	283
24	14	89	177
24	15	111	222
24	16	58	116
24	17	89	177
24	18	61	122
24	19	62	125
24	20	62	125
24	21	62	125
24	22	101	203
24	23	88	176
24	24	0	0
24	25	101	203
24	26	41	82
24	27	35	70
24	28	119	238
24	29	41	82
24	30	165	329
24	31	176	352
24	32	90	180
24	33	123	246
24	34	165	329
24	35	154	308
24	36	83	165
24	37	85	171
24	38	112	224
24	39	64	128
24	40	83	165
24	41	161	322
24	42	178	356
24	43	149	298
24	44	160	319
24	45	153	305
24	46	161	322
24	47	149	300
24	48	179	359
24	49	186	372
24	50	216	432
24	51	203	406
24	52	179	359
24	53	85	170
24	54	97	194
24	55	128	256
24	56	115	230
24	57	97	194
24	58	85	170
24	59	104	208
24	60	167	334
24	61	96	192
24	62	99	198
24	63	176	351
24	64	121	243
24	65	99	198
25	0	60	119
25	1	106	212
25	2	127	253
25	3	106	212
25	4	80	159
25	5	92	185
25	6	189	380
25	7	64	128
25	8	92	185
25	9	43	86
25	10	46	93
25	11	66	131
25	12	73	147
25	13	43	86
25	14	60	120
25	15	66	132
25	16	44	87
25	17	60	120
25	18	46	92
25	19	162	325
25	20	162	325
25	21	162	325
25	22	0	0
25	23	112	224
25	24	101	203
25	25	0	0
25	26	85	170
25	27	75	149
25	28	152	304
25	29	85	170
25	30	185	370
25	31	216	433
25	32	138	276
25	33	113	226
25	34	185	370
25	35	132	265
25	36	60	119
25	37	80	161
25	38	26	52
25	39	39	77
25	40	60	119
25	41	163	325
25	42	182	364
25	43	144	288
25	44	165	329
25	45	131	262
25	46	163	325
25	47	112	223
25	48	86	171
25	49	98	196
25	50	137	274
25	51	130	260
25	52	86	171
25	53	26	51
25	54	41	83
25	55	35	70
25	56	37	74
25	57	53	107
25	58	26	51
25	59	97	194
25	60	92	184
25	61	29	57
25	62	39	79
25	63	133	266
25	64	50	100
25	65	39	79
26	0	50	100
26	1	172	344
26	2	160	321
26	3	172	344
26	4	33	65
26	5	21	42
26	6	109	219
26	7	36	71
26	8	21	42
26	9	128	256
26	10	131	262
26	11	150	299
26	12	158	317
26	13	128	256
26	14	52	103
26	15	74	148
26	16	47	94
26	17	52	103
26	18	62	124
26	19	97	196
26	20	97	195
26	21	97	196
26	22	85	170
26	23	118	235
26	24	41	82
26	25	85	170
26	26	0	0
26	27	53	106
26	28	87	173
26	29	0	0
26	30	130	261
26	31	149	298
26	32	62	125
26	33	82	164
26	34	130	261
26	35	113	226
26	36	46	92
26	37	45	89
26	38	86	172
26	39	48	95
26	40	46	92
26	41	122	245
26	42	140	280
26	43	109	219
26	44	122	243
26	45	112	223
26	46	122	245
26	47	109	218
26	48	170	340
26	49	180	361
26	50	216	432
26	51	206	411
26	52	170	340
26	53	79	158
26	54	98	196
26	55	102	204
26	56	111	222
26	57	103	206
26	58	79	158
26	59	63	126
26	60	168	335
26	61	69	138
26	62	99	198
26	63	190	380
26	64	121	241
26	65	99	198
27	0	81	162
27	1	179	359
27	2	187	373
27	3	179	359
27	4	78	156
27	5	74	148
27	6	156	312
27	7	71	141
27	8	74	148
27	9	111	221
27	10	116	232
27	11	137	275
27	12	138	275
27	13	111	221
27	14	83	166
27	15	104	208
27	16	36	71
27	17	83	166
27	18	30	59
27	19	89	179
27	20	89	179
27	21	89	179
27	22	75	149
27	23	65	129
27	24	35	70
27	25	75	149
27	26	53	106
27	27	0	0
27	28	140	279
27	29	53	106
27	30	183	367
27	31	201	403
27	32	114	228
27	33	129	259
27	34	183	367
27	35	159	318
27	36	78	155
27	37	88	177
27	38	91	182
27	39	44	87
27	40	78	155
27	41	174	348
27	42	192	384
27	43	159	318
27	44	174	347
27	45	157	315
27	46	174	348
27	47	149	297
27	48	147	293
27	49	152	304
27	50	181	362
27	51	168	336
27	52	147	293
27	53	54	108
27	54	63	126
27	55	106	212
27	56	82	164
27	57	62	125
27	58	54	108
27	59	109	219
27	60	132	264
27	61	78	155
27	62	65	130
27	63	142	285
27	64	87	174
27	65	65	130
28	0	93	187
28	1	200	400
28	2	159	318
28	3	200	400
28	4	73	146
28	5	67	135
28	6	56	111
28	7	89	177
28	8	67	135
28	9	192	384
28	10	193	386
28	11	206	411
28	12	221	443
28	13	192	384
28	14	93	187
28	15	100	199
28	16	127	255
28	17	93	187
28	18	145	291
28	19	151	302
28	20	151	301
28	21	151	302
28	22	152	304
28	23	203	407
28	24	119	238
28	25	152	304
28	26	87	173
28	27	140	279
28	28	0	0
28	29	87	173
28	30	46	93
28	31	65	130
28	32	30	60
28	33	57	114
28	34	46	93
28	35	76	153
28	36	93	186
28	37	72	144
28	38	139	278
28	39	125	249
28	40	93	186
28	41	55	109
28	42	66	132
28	43	55	110
28	44	51	102
28	45	76	151
28	46	55	109
28	47	94	188
28	48	235	470
28	49	249	499
28	50	289	578
28	51	281	563
28	52	235	470
28	53	157	314
28	54	178	357
28	55	151	302
28	56	186	372
28	57	185	371
28	58	157	314
28	59	61	121
28	60	243	487
28	61	125	251
28	62	178	357
28	63	273	547
28	64	198	396
28	65	178	357
29	0	50	100
29	1	172	344
29	2	160	321
29	3	172	344
29	4	33	65
29	5	21	42
29	6	109	219
29	7	36	71
29	8	21	42
29	9	128	256
29	10	131	262
29	11	150	299
29	12	158	317
29	13	128	256
29	14	52	103
29	15	74	148
29	16	47	94
29	17	52	103
29	18	62	124
29	19	97	196
29	20	97	195
29	21	97	196
29	22	85	170
29	23	118	235
29	24	41	82
29	25	85	170
29	26	0	0
29	27	53	106
29	28	87	173
29	29	0	0
29	30	130	261
29	31	149	298
29	32	62	125
29	33	82	164
29	34	130	261
29	35	113	226
29	36	46	92
29	37	45	89
29	38	86	172
29	39	48	95
29	40	46	92
29	41	122	245
29	42	140	280
29	43	109	219
29	44	122	243
29	45	112	223
29	46	122	245
29	47	109	218
29	48	170	340
29	49	180	361
29	50	216	432
29	51	206	411
29	52	170	340
29	53	79	158
29	54	98	196
29	55	102	204
29	56	111	222
29	57	103	206
29	58	79	158
29	59	63	126
29	60	168	335
29	61	69	138
29	62	99	198
29	63	190	380
29	64	121	241
29	65	99	198
30	0	126	251
30	1	211	422
30	2	159	317
30	3	211	422
30	4	111	222
30	5	110	220
30	6	81	162
30	7	125	250
30	8	110	220
30	9	222	443
30	10	221	443
30	11	231	461
30	12	249	499
30	13	222	443
30	14	125	250
30	15	124	248
30	16	167	335
30	17	125	250
30	18	186	372
30	19	196	392
30	20	196	391
30	21	196	392
30	22	185	370
30	23	248	496
30	24	165	329
30	25	185	370
30	26	130	261
30	27	183	367
30	28	46	93
30	29	130	261
30	30	0	0
30	31	45	89
30	32	76	152
30	33	74	149
30	34	0	0
30	35	74	148
30	36	126	253
30	37	106	212
30	38	168	335
30	39	163	326
30	40	126	253
30	41	34	68
30	42	30	59
30	43	50	100
30	44	29	58
30	45	74	148
30	46	34	68
30	47	99	198
30	48	263	526
30	49	279	558
30	50	320	641
30	51	315	629
30	52	263	526
30	53	194	388
30	54	216	432
30	55	176	353
30	56	221	442
30	57	225	449
30	58	194	388
30	59	88	176
30	60	277	554
30	61	157	314
30	62	216	431
30	63	312	625
30	64	233	467
30	65	216	431
31	0	157	315
31	1	254	508
31	2	203	406
31	3	254	508
31	4	138	276
31	5	131	262
31	6	62	125
31	7	153	307
31	8	131	262
31	9	256	512
31	10	256	513
31	11	268	535
31	12	285	570
31	13	256	512
31	14	157	314
31	15	161	321
31	16	192	384
31	17	157	314
31	18	209	419
31	19	193	386
31	20	193	386
31	21	193	386
31	22	216	433
31	23	263	527
31	24	176	352
31	25	216	433
31	26	149	298
31	27	201	403
31	28	65	130
31	29	149	298
31	30	45	89
31	31	0	0
31	32	87	175
31	33	113	225
31	34	45	89
31	35	118	235
31	36	157	314
31	37	136	273
31	38	202	405
31	39	189	379
31	40	157	314
31	41	78	157
31	42	72	144
31	43	93	187
31	44	73	146
31	45	117	235
31	46	78	157
31	47	142	284
31	48	298	597
31	49	313	626
31	50	353	707
31	51	346	692
31	52	298	597
31	53	222	443
31	54	243	486
31	55	213	426
31	56	251	502
31	57	250	500
31	58	222	443
31	59	122	244
31	60	308	616
31	61	189	379
31	62	243	486
31	63	337	675
31	64	263	526
31	65	243	486
32	0	83	166
32	1	201	402
32	2	169	338
32	3	201	402
32	4	59	118
32	5	46	93
32	6	53	106
32	7	74	149
32	8	46	93
32	9	180	360
32	10	182	364
32	11	196	394
32	12	210	421
32	13	180	360
32	14	84	168
32	15	97	193
32	16	107	214
32	17	84	168
32	18	124	247
32	19	121	242
32	20	121	242
32	21	121	242
32	22	138	276
32	23	176	353
32	24	90	180
32	25	138	276
32	26	62	125
32	27	114	228
32	28	30	60
32	29	62	125
32	30	76	152
32	31	87	175
32	32	0	0
32	33	67	134
32	34	76	152
32	35	94	188
32	36	81	163
32	37	63	126
32	38	129	259
32	39	105	211
32	40	81	163
32	41	82	163
32	42	95	190
32	43	77	155
32	44	79	157
32	45	93	186
32	46	82	163
32	47	105	210
32	48	223	446
32	49	236	472
32	50	274	548
32	51	264	529
32	52	223	446
32	53	138	276
32	54	159	318
32	55	143	287
32	56	169	338
32	57	165	330
32	58	138	276
32	59	61	121
32	60	226	453
32	61	114	228
32	62	159	319
32	63	252	504
32	64	179	360
32	65	159	319
33	0	56	112
33	1	143	286
33	2	103	205
33	3	143	286
33	4	51	103
33	5	62	125
33	6	112	223
33	7	60	121
33	8	62	125
33	9	148	295
33	10	147	295
33	11	157	313
33	12	175	351
33	13	148	295
33	14	55	110
33	15	50	100
33	16	104	208
33	17	55	110
33	18	123	246
33	19	173	347
33	20	173	346
33	21	173	347
33	22	113	226
33	23	193	386
33	24	123	246
33	25	113	226
33	26	82	164
33	27	129	259
33	28	57	114
33	29	82	164
33	30	74	149
33	31	113	225
33	32	67	134
33	33	0	0
33	34	74	149
33	35	32	63
33	36	58	115
33	37	41	82
33	38	94	187
33	39	98	196
33	40	58	115
33	41	50	99
33	42	69	138
33	43	32	63
33	44	52	103
33	45	30	60
33	46	50	99
33	47	38	77
33	48	189	378
33	49	205	410
33	50	247	493
33	51	242	483
33	52	189	378
33	53	126	252
33	54	148	296
33	55	102	205
33	56	150	300
33	57	158	316
33	58	126	252
33	59	20	40
33	60	205	409
33	61	85	169
33	62	147	294
33	63	244	488
33	64	163	326
33	65	147	294
34	0	126	251
34	1	211	422
34	2	159	317
34	3	211	422
34	4	111	222
34	5	110	220
34	6	81	162
34	7	125	250
34	8	110	220
34	9	222	443
34	10	221	443
34	11	231	461
34	12	249	499
34	13	222	443
34	14	125	250
34	15	124	248
34	16	167	335
34	17	125	250
34	18	186	372
34	19	196	392
34	20	196	391
34	21	196	392
34	22	185	370
34	23	248	496
34	24	165	329
34	25	185	370
34	26	130	261
34	27	183	367
34	28	46	93
34	29	130	261
34	30	0	0
34	31	45	89
34	32	76	152
34	33	74	149
34	34	0	0
34	35	74	148
34	36	126	253
34	37	106	212
34	38	168	335
34	39	163	326
34	40	126	253
34	41	34	68
34	42	30	59
34	43	50	100
34	44	29	58
34	45	74	148
34	46	34	68
34	47	99	198
34	48	263	526
34	49	279	558
34	50	320	641
34	51	315	629
34	52	263	526
34	53	194	388
34	54	216	432
34	55	176	353
34	56	221	442
34	57	225	449
34	58	194	388
34	59	88	176
34	60	277	554
34	61	157	314
34	62	216	431
34	63	312	625
34	64	233	467
34	65	216	431
35	0	81	162
35	1	138	276
35	2	86	171
35	3	138	276
35	4	82	163
35	5	94	188
35	6	132	264
35	7	88	177
35	8	94	188
35	9	161	322
35	10	160	319
35	11	165	330
35	12	186	372
35	13	161	322
35	14	79	159
35	15	66	133
35	16	131	262
35	17	79	159
35	18	149	299
35	19	204	410
35	20	204	409
35	21	204	410
35	22	132	265
35	23	221	443
35	24	154	308
35	25	132	265
35	26	113	226
35	27	159	318
35	28	76	153
35	29	113	226
35	30	74	148
35	31	118	235
35	32	94	188
35	33	32	63
35	34	74	148
35	35	0	0
35	36	84	167
35	37	71	141
35	38	109	219
35	39	124	248
35	40	84	167
35	41	41	81
35	42	56	113
35	43	25	49
35	44	45	91
35	45	2	3
35	46	41	81
35	47	27	53
35	48	200	399
35	49	217	435
35	50	259	519
35	51	256	512
35	52	200	399
35	53	149	298
35	54	171	341
35	55	114	228
35	56	169	339
35	57	181	363
35	58	149	298
35	59	50	100
35	60	221	442
35	61	104	209
35	62	169	338
35	63	265	530
35	64	182	365
35	65	169	338
36	0	4	8
36	1	127	255
36	2	115	230
36	3	127	255
36	4	23	45
36	5	41	81
36	6	134	268
36	7	10	21
36	8	41	81
36	9	100	199
36	10	101	202
36	11	115	231
36	12	129	259
36	13	100	199
36	14	6	12
36	15	29	57
36	16	47	95
36	17	6	12
36	18	66	132
36	19	143	286
36	20	143	286
36	21	143	286
36	22	60	119
36	23	138	277
36	24	83	165
36	25	60	119
36	26	46	92
36	27	78	155
36	28	93	186
36	29	46	92
36	30	126	253
36	31	157	314
36	32	81	163
36	33	58	115
36	34	126	253
36	35	84	167
36	36	0	0
36	37	21	42
36	38	48	97
36	39	41	81
36	40	0	0
36	41	107	213
36	42	126	252
36	43	89	178
36	44	108	216
36	45	82	164
36	46	107	213
36	47	71	142
36	48	143	285
36	49	157	313
36	50	196	393
36	51	189	379
36	52	143	285
36	53	69	137
36	54	91	181
36	55	63	125
36	56	95	190
36	57	100	201
36	58	69	137
36	59	39	78
36	60	151	303
36	61	33	66
36	62	90	180
36	63	187	374
36	64	107	215
36	65	90	180
37	0	21	43
37	1	140	280
37	2	118	237
37	3	140	280
37	4	12	24
37	5	30	60
37	6	115	231
37	7	20	39
37	8	30	60
37	9	120	240
37	10	121	243
37	11	135	270
37	12	149	300
37	13	120	240
37	14	22	43
37	15	35	71
37	16	63	127
37	17	22	43
37	18	82	165
37	19	141	283
37	20	141	282
37	21	141	283
37	22	80	161
37	23	152	304
37	24	85	171
37	25	80	161
37	26	45	89
37	27	88	177
37	28	72	144
37	29	45	89
37	30	106	212
37	31	136	273
37	32	63	126
37	33	41	82
37	34	106	212
37	35	71	141
37	36	21	42
37	37	0	0
37	38	68	135
37	39	58	116
37	40	21	42
37	41	88	177
37	42	107	215
37	43	72	144
37	44	89	179
37	45	69	138
37	46	88	177
37	47	64	129
37	48	163	326
37	49	177	355
37	50	217	434
37	51	210	420
37	52	163	326
37	53	88	176
37	54	110	220
37	55	81	162
37	56	115	231
37	57	119	239
37	58	88	176
37	59	21	43
37	60	172	344
37	61	53	107
37	62	110	219
37	63	206	413
37	64	128	256
37	65	110	219
38	0	47	93
38	1	89	178
38	2	101	202
38	3	89	178
38	4	71	142
38	5	87	175
38	6	182	365
38	7	56	113
38	8	87	175
38	9	54	108
38	10	54	108
38	11	67	135
38	12	83	165
38	13	54	108
38	14	46	92
38	15	44	89
38	16	56	112
38	17	46	92
38	18	66	131
38	19	174	349
38	20	174	348
38	21	174	349
38	22	26	52
38	23	136	273
38	24	112	224
38	25	26	52
38	26	86	172
38	27	91	182
38	28	139	278
38	29	86	172
38	30	168	335
38	31	202	405
38	32	129	259
38	33	94	187
38	34	168	335
38	35	109	219
38	36	48	97
38	37	68	135
38	38	0	0
38	39	49	97
38	40	48	97
38	41	142	285
38	42	161	323
38	43	123	247
38	44	145	290
38	45	108	216
38	46	142	285
38	47	87	174
38	48	96	192
38	49	112	223
38	50	153	306
38	51	148	296
38	52	96	192
38	53	50	101
38	54	67	135
38	55	16	32
38	56	61	123
38	57	79	159
38	58	50	101
38	59	80	161
38	60	112	223
38	61	17	34
38	62	65	131
38	63	157	314
38	64	74	149
38	65	65	131
39	0	43	87
39	1	138	275
39	2	143	286
39	3	138	275
39	4	52	104
39	5	59	119
39	6	156	311
39	7	38	77
39	8	59	119
39	9	81	162
39	10	85	170
39	11	104	208
39	12	111	222
39	13	81	162
39	14	45	90
39	15	63	126
39	16	8	16
39	17	45	90
39	18	26	51
39	19	126	253
39	20	126	252
39	21	126	253
39	22	39	77
39	23	99	198
39	24	64	128
39	25	39	77
39	26	48	95
39	27	44	87
39	28	125	249
39	29	48	95
39	30	163	326
39	31	189	379
39	32	105	211
39	33	98	196
39	34	163	326
39	35	124	248
39	36	41	81
39	37	58	116
39	38	49	97
39	39	0	0
39	40	41	81
39	41	146	293
39	42	165	331
39	43	130	259
39	44	147	295
39	45	122	245
39	46	146	293
39	47	110	219
39	48	123	245
39	49	133	266
39	50	169	338
39	51	159	318
39	52	123	245
39	53	33	65
39	54	54	108
39	55	64	128
39	56	64	127
39	57	62	123
39	58	33	65
39	59	79	158
39	60	121	242
39	61	34	68
39	62	54	108
39	63	150	299
39	64	74	149
39	65	54	108
40	0	4	8
40	1	127	255
40	2	115	230
40	3	127	255
40	4	23	45
40	5	41	81
40	6	134	268
40	7	10	21
40	8	41	81
40	9	100	199
40	10	101	202
40	11	115	231
40	12	129	259
40	13	100	199
40	14	6	12
40	15	29	57
40	16	47	95
40	17	6	12
40	18	66	132
40	19	143	286
40	20	143	286
40	21	143	286
40	22	60	119
40	23	138	277
40	24	83	165
40	25	60	119
40	26	46	92
40	27	78	155
40	28	93	186
40	29	46	92
40	30	126	253
40	31	157	314
40	32	81	163
40	33	58	115
40	34	126	253
40	35	84	167
40	36	0	0
40	37	21	42
40	38	48	97
40	39	41	81
40	40	0	0
40	41	107	213
40	42	126	252
40	43	89	178
40	44	108	216
40	45	82	164
40	46	107	213
40	47	71	142
40	48	143	285
40	49	157	313
40	50	196	393
40	51	189	379
40	52	143	285
40	53	69	137
40	54	91	181
40	55	63	125
40	56	95	190
40	57	100	201
40	58	69	137
40	59	39	78
40	60	151	303
40	61	33	66
40	62	90	180
40	63	187	374
40	64	107	215
40	65	90	180
41	0	105	210
41	1	179	357
41	2	125	249
41	3	179	357
41	4	97	193
41	5	101	203
41	6	105	209
41	7	108	216
41	8	101	203
41	9	196	392
41	10	195	390
41	11	202	405
41	12	222	445
41	13	196	392
41	14	104	209
41	15	98	196
41	16	151	304
41	17	104	209
41	18	170	342
41	19	202	404
41	20	202	403
41	21	202	404
41	22	163	325
41	23	238	477
41	24	161	322
41	25	163	325
41	26	122	245
41	27	174	348
41	28	55	109
41	29	122	245
41	30	34	68
41	31	78	157
41	32	82	163
41	33	50	99
41	34	34	68
41	35	41	81
41	36	107	213
41	37	88	177
41	38	142	285
41	39	146	293
41	40	107	213
41	41	0	0
41	42	19	39
41	43	19	38
41	44	5	11
41	45	41	82
41	46	0	0
41	47	67	134
41	48	236	472
41	49	253	506
41	50	295	590
41	51	290	581
41	52	236	472
41	53	175	350
41	54	197	394
41	55	150	299
41	56	200	399
41	57	207	414
41	58	175	350
41	59	68	135
41	60	254	508
41	61	134	268
41	62	196	393
41	63	293	587
41	64	213	425
41	65	196	393
42	0	124	249
42	1	193	387
42	2	136	273
42	3	193	387
42	4	115	231
42	5	119	238
42	6	109	219
42	7	127	254
42	8	119	238
42	9	215	429
42	10	214	427
42	11	220	441
42	12	241	482
42	13	215	429
42	14	123	247
42	15	117	234
42	16	170	342
42	17	123	247
42	18	189	380
42	19	216	432
42	20	216	432
42	21	216	432
42	22	182	364
42	23	257	513
42	24	178	356
42	25	182	364
42	26	140	280
42	27	192	384
42	28	66	132
42	29	140	280
42	30	30	59
42	31	72	144
42	32	95	190
42	33	69	138
42	34	30	59
42	35	56	113
42	36	126	252
42	37	107	215
42	38	161	323
42	39	165	331
42	40	126	252
42	41	19	39
42	42	0	0
42	43	38	76
42	44	19	37
42	45	57	114
42	46	19	39
42	47	83	166
42	48	254	509
42	49	272	543
42	50	314	627
42	51	309	619
42	52	254	509
42	53	194	389
42	54	216	433
42	55	168	336
42	56	219	438
42	57	226	453
42	58	194	389
42	59	87	174
42	60	273	546
42	61	153	307
42	62	215	432
42	63	312	626
42	64	232	464
42	65	215	432
43	0	88	175
43	1	161	322
43	2	110	220
43	3	161	322
43	4	81	162
43	5	89	177
43	6	110	219
43	7	92	183
43	8	89	177
43	9	177	354
43	10	176	352
43	11	184	367
43	12	203	407
43	13	177	354
43	14	86	173
43	15	79	159
43	16	135	271
43	17	86	173
43	18	154	309
43	19	194	389
43	20	194	388
43	21	194	389
43	22	144	288
43	23	223	447
43	24	149	298
43	25	144	288
43	26	109	219
43	27	159	318
43	28	55	110
43	29	109	219
43	30	50	100
43	31	93	187
43	32	77	155
43	33	32	63
43	34	50	100
43	35	25	49
43	36	89	178
43	37	72	144
43	38	123	247
43	39	130	259
43	40	89	178
43	41	19	38
43	42	38	76
43	43	0	0
43	44	23	45
43	45	24	49
43	46	19	38
43	47	49	98
43	48	217	434
43	49	234	468
43	50	276	552
43	51	271	543
43	52	217	434
43	53	157	315
43	54	179	359
43	55	131	261
43	56	181	362
43	57	189	379
43	58	157	315
43	59	51	102
43	60	235	470
43	61	116	231
43	62	178	357
43	63	275	551
43	64	194	388
43	65	178	357
44	0	107	214
44	1	183	366
44	2	130	260
44	3	183	366
44	4	97	194
44	5	101	201
44	6	100	199
44	7	109	218
44	8	101	201
44	9	199	398
44	10	198	396
44	11	206	412
44	12	226	451
44	13	199	398
44	14	106	212
44	15	101	202
44	16	152	305
44	17	106	212
44	18	171	343
44	19	199	399
44	20	199	398
44	21	199	399
44	22	165	329
44	23	238	476
44	24	160	319
44	25	165	329
44	26	122	243
44	27	174	347
44	28	51	102
44	29	122	243
44	30	29	58
44	31	73	146
44	32	79	157
44	33	52	103
44	34	29	58
44	35	45	91
44	36	108	216
44	37	89	179
44	38	145	290
44	39	147	295
44	40	108	216
44	41	5	11
44	42	19	37
44	43	23	45
44	44	0	0
44	45	46	91
44	46	5	11
44	47	71	142
44	48	239	478
44	49	256	512
44	50	298	596
44	51	293	586
44	52	239	478
44	53	177	353
44	54	199	397
44	55	153	306
44	56	202	403
44	57	208	417
44	58	177	353
44	59	69	138
44	60	256	512
44	61	136	272
44	62	198	396
44	63	295	590
44	64	214	429
44	65	198	396
45	0	79	159
45	1	138	275
45	2	86	172
45	3	138	275
45	4	80	160
45	5	92	185
45	6	131	262
45	7	87	174
45	8	92	185
45	9	160	320
45	10	158	317
45	11	164	328
45	12	185	370
45	13	160	320
45	14	78	156
45	15	65	130
45	16	129	259
45	17	78	156
45	18	148	296
45	19	203	407
45	20	203	406
45	21	203	407
45	22	131	262
45	23	220	440
45	24	153	305
45	25	131	262
45	26	112	223
45	27	157	315
45	28	76	151
45	29	112	223
45	30	74	148
45	31	117	235
45	32	93	186
45	33	30	60
45	34	74	148
45	35	2	3
45	36	82	164
45	37	69	138
45	38	108	216
45	39	122	245
45	40	82	164
45	41	41	82
45	42	57	114
45	43	24	49
45	44	46	91
45	45	0	0
45	46	41	82
45	47	26	52
45	48	199	397
45	49	216	433
45	50	258	517
45	51	255	510
45	52	199	397
45	53	147	295
45	54	169	338
45	55	113	226
45	56	168	336
45	57	179	360
45	58	147	295
45	59	49	97
45	60	220	439
45	61	103	206
45	62	168	336
45	63	264	527
45	64	181	362
45	65	168	336
46	0	105	210
46	1	179	357
46	2	125	249
46	3	179	357
46	4	97	193
46	5	101	203
46	6	105	209
46	7	108	216
46	8	101	203
46	9	196	392
46	10	195	390
46	11	202	405
46	12	222	445
46	13	196	392
46	14	104	209
46	15	98	196
46	16	151	304
46	17	104	209
46	18	170	342
46	19	202	404
46	20	202	403
46	21	202	404
46	22	163	325
46	23	238	477
46	24	161	322
46	25	163	325
46	26	122	245
46	27	174	348
46	28	55	109
46	29	122	245
46	30	34	68
46	31	78	157
46	32	82	163
46	33	50	99
46	34	34	68
46	35	41	81
46	36	107	213
46	37	88	177
46	38	142	285
46	39	146	293
46	40	107	213
46	41	0	0
46	42	19	39
46	43	19	38
46	44	5	11
46	45	41	82
46	46	0	0
46	47	67	134
46	48	236	472
46	49	253	506
46	50	295	590
46	51	290	581
46	52	236	472
46	53	175	350
46	54	197	394
46	55	150	299
46	56	200	399
46	57	207	414
46	58	175	350
46	59	68	135
46	60	254	508
46	61	134	268
46	62	196	393
46	63	293	587
46	64	213	425
46	65	196	393
47	0	68	135
47	1	112	224
47	2	65	130
47	3	112	224
47	4	76	153
47	5	93	185
47	6	149	299
47	7	78	157
47	8	93	185
47	9	137	274
47	10	135	270
47	11	139	278
47	12	161	322
47	13	137	274
47	14	66	132
47	15	47	95
47	16	117	235
47	17	66	132
47	18	135	270
47	19	205	410
47	20	205	409
47	21	205	410
47	22	112	223
47	23	208	417
47	24	149	300
47	25	112	223
47	26	109	218
47	27	149	297
47	28	94	188
47	29	109	218
47	30	99	198
47	31	142	284
47	32	105	210
47	33	38	77
47	34	99	198
47	35	27	53
47	36	71	142
47	37	64	129
47	38	87	174
47	39	110	219
47	40	71	142
47	41	67	134
47	42	83	166
47	43	49	98
47	44	71	142
47	45	26	52
47	46	67	134
47	47	0	0
47	48	174	349
47	49	192	385
47	50	234	469
47	51	232	464
47	52	174	349
47	53	130	261
47	54	152	303
47	55	90	180
47	56	148	296
47	57	162	326
47	58	130	261
47	59	49	98
47	60	197	395
47	61	85	170
47	62	150	300
47	63	244	488
47	64	161	322
47	65	150	300
48	0	142	284
48	1	100	200
48	2	156	312
48	3	100	200
48	4	164	329
48	5	178	356
48	6	275	551
48	7	149	298
48	8	178	356
48	9	43	86
48	10	42	84
48	11	36	73
48	12	14	27
48	13	43	86
48	14	142	283
48	15	139	278
48	16	125	251
48	17	142	283
48	18	118	237
48	19	235	471
48	20	235	471
48	21	235	471
48	22	86	171
48	23	151	302
48	24	179	359
48	25	86	171
48	26	170	340
48	27	147	293
48	28	235	470
48	29	170	340
48	30	263	526
48	31	298	597
48	32	223	446
48	33	189	378
48	34	263	526
48	35	200	399
48	36	143	285
48	37	163	326
48	38	96	192
48	39	123	245
48	40	143	285
48	41	236	472
48	42	254	509
48	43	217	434
48	44	239	478
48	45	199	397
48	46	236	472
48	47	174	349
48	48	0	0
48	49	20	39
48	50	61	122
48	51	63	126
48	52	0	0
48	53	95	189
48	54	85	170
48	55	87	173
48	56	65	130
48	57	90	181
48	58	95	189
48	59	176	353
48	60	43	86
48	61	110	219
48	62	82	165
48	63	103	206
48	64	63	125
48	65	82	165
49	0	156	312
49	1	119	238
49	2	176	351
49	3	119	238
49	4	178	355
49	5	190	380
49	6	287	575
49	7	162	324
49	8	190	380
49	9	58	115
49	10	58	116
49	11	56	112
49	12	32	64
49	13	58	115
49	14	156	312
49	15	155	311
49	16	134	269
49	17	156	312
49	18	125	250
49	19	239	478
49	20	239	478
49	21	239	478
49	22	98	196
49	23	148	296
49	24	186	372
49	25	98	196
49	26	180	361
49	27	152	304
49	28	249	499
49	29	180	361
49	30	279	558
49	31	313	626
49	32	236	472
49	33	205	410
49	34	279	558
49	35	217	435
49	36	157	313
49	37	177	355
49	38	112	223
49	39	133	266
49	40	157	313
49	41	253	506
49	42	272	543
49	43	234	468
49	44	256	512
49	45	216	433
49	46	253	506
49	47	192	385
49	48	20	39
49	49	0	0
49	50	42	84
49	51	43	87
49	52	20	39
49	53	103	205
49	54	89	178
49	55	104	207
49	56	71	142
49	57	92	184
49	58	103	205
49	59	192	384
49	60	31	61
49	61	124	248
49	62	87	174
49	63	88	175
49	64	65	130
49	65	87	174
50	0	196	392
50	1	157	314
50	2	216	433
50	3	157	314
50	4	216	433
50	5	228	455
50	6	324	649
50	7	201	402
50	8	228	455
50	9	99	198
50	10	100	200
50	11	97	195
50	12	74	148
50	13	99	198
50	14	196	393
50	15	197	394
50	16	169	339
50	17	196	393
50	18	157	314
50	19	264	529
50	20	264	529
50	21	264	529
50	22	137	274
50	23	163	327
50	24	216	432
50	25	137	274
50	26	216	432
50	27	181	362
50	28	289	578
50	29	216	432
50	30	320	641
50	31	353	707
50	32	274	548
50	33	247	493
50	34	320	641
50	35	259	519
50	36	196	393
50	37	217	434
50	38	153	306
50	39	169	338
50	40	196	393
50	41	295	590
50	42	314	627
50	43	276	552
50	44	298	596
50	45	258	517
50	46	295	590
50	47	234	469
50	48	61	122
50	49	42	84
50	50	0	0
50	51	18	36
50	52	61	122
50	53	137	274
50	54	120	239
50	55	146	291
50	56	105	211
50	57	119	238
50	58	137	274
50	59	233	465
50	60	49	98
50	61	164	328
50	62	118	237
50	63	78	155
50	64	96	192
50	65	118	237
51	0	189	379
51	1	162	324
51	2	219	438
51	3	162	324
51	4	208	417
51	5	218	436
51	6	315	629
51	7	193	386
51	8	218	436
51	9	95	190
51	10	97	195
51	11	99	197
51	12	75	149
51	13	95	190
51	14	190	379
51	15	192	385
51	16	159	318
51	17	190	379
51	18	145	291
51	19	249	499
51	20	249	499
51	21	249	499
51	22	130	260
51	23	147	293
51	24	203	406
51	25	130	260
51	26	206	411
51	27	168	336
51	28	281	563
51	29	206	411
51	30	315	629
51	31	346	692
51	32	264	529
51	33	242	483
51	34	315	629
51	35	256	512
51	36	189	379
51	37	210	420
51	38	148	296
51	39	159	318
51	40	189	379
51	41	290	581
51	42	309	619
51	43	271	543
51	44	293	586
51	45	255	510
51	46	290	581
51	47	232	464
51	48	63	126
51	49	43	87
51	50	18	36
51	51	0	0
51	52	63	126
51	53	127	254
51	54	108	216
51	55	142	285
51	56	96	191
51	57	106	212
51	58	127	254
51	59	227	453
51	60	38	76
51	61	158	315
51	62	107	214
51	63	60	120
51	64	85	170
51	65	107	214
52	0	142	284
52	1	100	200
52	2	156	312
52	3	100	200
52	4	164	329
52	5	178	356
52	6	275	551
52	7	149	298
52	8	178	356
52	9	43	86
52	10	42	84
52	11	36	73
52	12	14	27
52	13	43	86
52	14	142	283
52	15	139	278
52	16	125	251
52	17	142	283
52	18	118	237
52	19	235	471
52	20	235	471
52	21	235	471
52	22	86	171
52	23	151	302
52	24	179	359
52	25	86	171
52	26	170	340
52	27	147	293
52	28	235	470
52	29	170	340
52	30	263	526
52	31	298	597
52	32	223	446
52	33	189	378
52	34	263	526
52	35	200	399
52	36	143	285
52	37	163	326
52	38	96	192
52	39	123	245
52	40	143	285
52	41	236	472
52	42	254	509
52	43	217	434
52	44	239	478
52	45	199	397
52	46	236	472
52	47	174	349
52	48	0	0
52	49	20	39
52	50	61	122
52	51	63	126
52	52	0	0
52	53	95	189
52	54	85	170
52	55	87	173
52	56	65	130
52	57	90	181
52	58	95	189
52	59	176	353
52	60	43	86
52	61	110	219
52	62	82	165
52	63	103	206
52	64	63	125
52	65	82	165
53	0	70	140
53	1	131	262
53	2	151	303
53	3	131	262
53	4	84	168
53	5	92	184
53	6	188	376
53	7	69	138
53	8	92	184
53	9	57	114
53	10	62	124
53	11	84	167
53	12	85	169
53	13	57	114
53	14	71	142
53	15	83	167
53	16	32	65
53	17	71	142
53	18	24	49
53	19	143	287
53	20	143	286
53	21	143	287
53	22	26	51
53	23	87	173
53	24	85	170
53	25	26	51
53	26	79	158
53	27	54	108
53	28	157	314
53	29	79	158
53	30	194	388
53	31	222	443
53	32	138	276
53	33	126	252
53	34	194	388
53	35	149	298
53	36	69	137
53	37	88	176
53	38	50	101
53	39	33	65
53	40	69	137
53	41	175	350
53	42	194	389
53	43	157	315
53	44	177	353
53	45	147	295
53	46	175	350
53	47	130	261
53	48	95	189
53	49	103	205
53	50	137	274
53	51	127	254
53	52	95	189
53	53	0	0
53	54	22	44
53	55	61	121
53	56	32	64
53	57	32	65
53	58	0	0
53	59	108	215
53	60	89	178
53	61	46	92
53	62	22	43
53	63	118	237
53	64	42	84
53	65	22	43
54	0	92	184
54	1	139	278
54	2	167	335
54	3	139	278
54	4	106	211
54	5	113	225
54	6	207	415
54	7	91	182
54	8	113	225
54	9	55	110
54	10	61	122
54	11	83	165
54	12	78	155
54	13	55	110
54	14	93	186
54	15	105	209
54	16	52	104
54	17	93	186
54	18	37	75
54	19	151	302
54	20	151	301
54	21	151	302
54	22	41	83
54	23	76	152
54	24	97	194
54	25	41	83
54	26	98	196
54	27	63	126
54	28	178	357
54	29	98	196
54	30	216	432
54	31	243	486
54	32	159	318
54	33	148	296
54	34	216	432
54	35	171	341
54	36	91	181
54	37	110	220
54	38	67	135
54	39	54	108
54	40	91	181
54	41	197	394
54	42	216	433
54	43	179	359
54	44	199	397
54	45	169	338
54	46	197	394
54	47	152	303
54	48	85	170
54	49	89	178
54	50	120	239
54	51	108	216
54	52	85	170
54	53	22	44
54	54	0	0
54	55	75	149
54	56	21	42
54	57	12	25
54	58	22	44
54	59	130	259
54	60	71	141
54	61	67	133
54	62	3	6
54	63	96	193
54	64	24	49
54	65	3	6
55	0	60	121
55	1	74	147
55	2	93	186
55	3	74	147
55	4	85	170
55	5	102	205
55	6	196	393
55	7	71	143
55	8	102	205
55	9	47	95
55	10	46	91
55	11	55	109
55	12	73	146
55	13	47	95
55	14	60	120
55	15	53	106
55	16	71	143
55	17	60	120
55	18	79	158
55	19	190	381
55	20	190	380
55	21	190	381
55	22	35	70
55	23	147	294
55	24	128	256
55	25	35	70
55	26	102	204
55	27	106	212
55	28	151	302
55	29	102	204
55	30	176	353
55	31	213	426
55	32	143	287
55	33	102	205
55	34	176	353
55	35	114	228
55	36	63	125
55	37	81	162
55	38	16	32
55	39	64	128
55	40	63	125
55	41	150	299
55	42	168	336
55	43	131	261
55	44	153	306
55	45	113	226
55	46	150	299
55	47	90	180
55	48	87	173
55	49	104	207
55	50	146	291
55	51	142	285
55	52	87	173
55	53	61	121
55	54	75	149
55	55	0	0
55	56	64	128
55	57	87	174
55	58	61	121
55	59	91	182
55	60	108	216
55	61	33	66
55	62	72	144
55	63	158	316
55	64	76	152
55	65	72	144
56	0	95	191
56	1	122	244
56	2	156	312
56	3	122	244
56	4	113	226
56	5	123	245
56	6	219	438
56	7	98	195
56	8	123	245
56	9	35	70
56	10	41	82
56	11	62	125
56	12	57	114
56	13	35	70
56	14	96	192
56	15	103	206
56	16	64	128
56	17	96	192
56	18	54	108
56	19	171	342
56	20	171	341
56	21	171	342
56	22	37	74
56	23	95	190
56	24	115	230
56	25	37	74
56	26	111	222
56	27	82	164
56	28	186	372
56	29	111	222
56	30	221	442
56	31	251	502
56	32	169	338
56	33	150	300
56	34	221	442
56	35	169	339
56	36	95	190
56	37	115	231
56	38	61	123
56	39	64	127
56	40	95	190
56	41	200	399
56	42	219	438
56	43	181	362
56	44	202	403
56	45	168	336
56	46	200	399
56	47	148	296
56	48	65	130
56	49	71	142
56	50	105	211
56	51	96	191
56	52	65	130
56	53	32	64
56	54	21	42
56	55	64	128
56	56	0	0
56	57	30	60
56	58	32	64
56	59	133	267
56	60	58	115
56	61	66	131
56	62	18	36
56	63	96	192
56	64	13	26
56	65	18	36
57	0	102	204
57	1	151	301
57	2	179	359
57	3	151	301
57	4	114	227
57	5	119	238
57	6	212	424
57	7	100	200
57	8	119	238
57	9	65	130
57	10	71	142
57	11	92	184
57	12	84	169
57	13	65	130
57	14	103	206
57	15	115	232
57	16	58	117
57	17	103	206
57	18	41	83
57	19	147	295
57	20	147	294
57	21	147	295
57	22	53	107
57	23	65	131
57	24	97	194
57	25	53	107
57	26	103	206
57	27	62	125
57	28	185	371
57	29	103	206
57	30	225	449
57	31	250	500
57	32	165	330
57	33	158	316
57	34	225	449
57	35	181	363
57	36	100	201
57	37	119	239
57	38	79	159
57	39	62	123
57	40	100	201
57	41	207	414
57	42	226	453
57	43	189	379
57	44	208	417
57	45	179	360
57	46	207	414
57	47	162	326
57	48	90	181
57	49	92	184
57	50	119	238
57	51	106	212
57	52	90	181
57	53	32	65
57	54	12	25
57	55	87	174
57	56	30	60
57	57	0	0
57	58	32	65
57	59	139	279
57	60	70	140
57	61	78	156
57	62	15	30
57	63	88	176
57	64	28	56
57	65	15	30
58	0	70	140
58	1	131	262
58	2	151	303
58	3	131	262
58	4	84	168
58	5	92	184
58	6	188	376
58	7	69	138
58	8	92	184
58	9	57	114
58	10	62	124
58	11	84	167
58	12	85	169
58	13	57	114
58	14	71	142
58	15	83	167
58	16	32	65
58	17	71	142
58	18	24	49
58	19	143	287
58	20	143	286
58	21	143	287
58	22	26	51
58	23	87	173
58	24	85	170
58	25	26	51
58	26	79	158
58	27	54	108
58	28	157	314
58	29	79	158
58	30	194	388
58	31	222	443
58	32	138	276
58	33	126	252
58	34	194	388
58	35	149	298
58	36	69	137
58	37	88	176
58	38	50	101
58	39	33	65
58	40	69	137
58	41	175	350
58	42	194	389
58	43	157	315
58	44	177	353
58	45	147	295
58	46	175	350
58	47	130	261
58	48	95	189
58	49	103	205
58	50	137	274
58	51	127	254
58	52	95	189
58	53	0	0
58	54	22	44
58	55	61	121
58	56	32	64
58	57	32	65
58	58	0	0
58	59	108	215
58	60	89	178
58	61	46	92
58	62	22	43
58	63	118	237
58	64	42	84
58	65	22	43
59	0	38	76
59	1	141	282
59	2	109	219
59	3	141	282
59	4	32	63
59	5	45	89
59	6	111	221
59	7	41	81
59	8	45	89
59	9	134	269
59	10	134	269
59	11	146	291
59	12	163	326
59	13	134	269
59	14	37	75
59	15	39	78
59	16	84	169
59	17	37	75
59	18	103	207
59	19	157	314
59	20	157	313
59	21	157	314
59	22	97	194
59	23	173	346
59	24	104	208
59	25	97	194
59	26	63	126
59	27	109	219
59	28	61	121
59	29	63	126
59	30	88	176
59	31	122	244
59	32	61	121
59	33	20	40
59	34	88	176
59	35	50	100
59	36	39	78
59	37	21	43
59	38	80	161
59	39	79	158
59	40	39	78
59	41	68	135
59	42	87	174
59	43	51	102
59	44	69	138
59	45	49	97
59	46	68	135
59	47	49	98
59	48	176	353
59	49	192	384
59	50	233	465
59	51	227	453
59	52	176	353
59	53	108	215
59	54	130	259
59	55	91	182
59	56	133	267
59	57	139	279
59	58	108	215
59	59	0	0
59	60	189	378
59	61	69	138
59	62	129	258
59	63	226	452
59	64	146	292
59	65	129	258
60	0	152	303
60	1	140	279
60	2	191	381
60	3	140	279
60	4	170	341
60	5	180	360
60	6	277	553
60	7	155	310
60	8	180	360
60	9	61	122
60	10	64	129
60	11	72	144
60	12	49	98
60	13	61	122
60	14	152	304
60	15	156	312
60	16	121	242
60	17	152	304
60	18	108	216
60	19	216	433
60	20	216	432
60	21	216	433
60	22	92	184
60	23	120	240
60	24	167	334
60	25	92	184
60	26	168	335
60	27	132	264
60	28	243	487
60	29	168	335
60	30	277	554
60	31	308	616
60	32	226	453
60	33	205	409
60	34	277	554
60	35	221	442
60	36	151	303
60	37	172	344
60	38	112	223
60	39	121	242
60	40	151	303
60	41	254	508
60	42	273	546
60	43	235	470
60	44	256	512
60	45	220	439
60	46	254	508
60	47	197	395
60	48	43	86
60	49	31	61
60	50	49	98
60	51	38	76
60	52	43	86
60	53	89	178
60	54	71	141
60	55	108	216
60	56	58	115
60	57	70	140
60	58	89	178
60	59	189	378
60	60	0	0
60	61	120	240
60	62	69	139
60	63	60	120
60	64	47	94
60	65	69	139
61	0	32	65
61	1	105	210
61	2	110	220
61	3	105	210
61	4	55	110
61	5	71	142
61	6	167	333
61	7	40	80
61	8	71	142
61	9	67	133
61	10	68	136
61	11	83	166
61	12	96	193
61	13	67	133
61	14	32	65
61	15	38	76
61	16	42	84
61	17	32	65
61	18	55	110
61	19	158	317
61	20	158	316
61	21	158	317
61	22	29	57
61	23	128	257
61	24	96	192
61	25	29	57
61	26	69	138
61	27	78	155
61	28	125	251
61	29	69	138
61	30	157	314
61	31	189	379
61	32	114	228
61	33	85	169
61	34	157	314
61	35	104	209
61	36	33	66
61	37	53	107
61	38	17	34
61	39	34	68
61	40	33	66
61	41	134	268
61	42	153	307
61	43	116	231
61	44	136	272
61	45	103	206
61	46	134	268
61	47	85	170
61	48	110	219
61	49	124	248
61	50	164	328
61	51	158	315
61	52	110	219
61	53	46	92
61	54	67	133
61	55	33	66
61	56	66	131
61	57	78	156
61	58	46	92
61	59	69	138
61	60	120	240
61	61	0	0
61	62	65	130
61	63	161	321
61	64	79	157
61	65	65	130
62	0	91	183
62	1	136	272
62	2	165	330
62	3	136	272
62	4	106	211
62	5	113	226
62	6	208	417
62	7	91	181
62	8	113	226
62	9	52	104
62	10	58	116
62	11	80	159
62	12	75	149
62	13	52	104
62	14	92	185
62	15	103	206
62	16	52	105
62	17	92	185
62	18	39	78
62	19	153	307
62	20	153	306
62	21	153	307
62	22	39	79
62	23	79	158
62	24	99	198
62	25	39	79
62	26	99	198
62	27	65	130
62	28	178	357
62	29	99	198
62	30	216	431
62	31	243	486
62	32	159	319
62	33	147	294
62	34	216	431
62	35	169	338
62	36	90	180
62	37	110	219
62	38	65	131
62	39	54	108
62	40	90	180
62	41	196	393
62	42	215	432
62	43	178	357
62	44	198	396
62	45	168	336
62	46	196	393
62	47	150	300
62	48	82	165
62	49	87	174
62	50	118	237
62	51	107	214
62	52	82	165
62	53	22	43
62	54	3	6
62	55	72	144
62	56	18	36
62	57	15	30
62	58	22	43
62	59	129	258
62	60	69	139
62	61	65	130
62	62	0	0
62	63	97	194
62	64	22	45
62	65	0	0
63	0	188	377
63	1	199	399
63	2	246	493
63	3	199	399
63	4	202	403
63	5	206	413
63	6	297	595
63	7	187	375
63	8	206	413
63	9	115	230
63	10	120	240
63	11	131	263
63	12	109	218
63	13	115	230
63	14	189	379
63	15	199	397
63	16	146	292
63	17	189	379
63	18	128	257
63	19	210	421
63	20	210	421
63	21	210	421
63	22	133	266
63	23	101	203
63	24	176	351
63	25	133	266
63	26	190	380
63	27	142	285
63	28	273	547
63	29	190	380
63	30	312	625
63	31	337	675
63	32	252	504
63	33	244	488
63	34	312	625
63	35	265	530
63	36	187	374
63	37	206	413
63	38	157	314
63	39	150	299
63	40	187	374
63	41	293	587
63	42	312	626
63	43	275	551
63	44	295	590
63	45	264	527
63	46	293	587
63	47	244	488
63	48	103	206
63	49	88	175
63	50	78	155
63	51	60	120
63	52	103	206
63	53	118	237
63	54	96	193
63	55	158	316
63	56	96	192
63	57	88	176
63	58	118	237
63	59	226	452
63	60	60	120
63	61	161	321
63	62	97	194
63	63	0	0
63	64	83	166
63	65	97	194
64	0	108	216
64	1	131	261
64	2	168	335
64	3	131	261
64	4	125	250
64	5	133	267
64	6	230	460
64	7	110	219
64	8	133	267
64	9	42	83
64	10	48	96
64	11	68	135
64	12	57	114
64	13	42	83
64	14	109	218
64	15	116	232
64	16	74	148
64	17	109	218
64	18	61	123
64	19	174	349
64	20	174	348
64	21	174	349
64	22	50	100
64	23	91	182
64	24	121	243
64	25	50	100
64	26	121	241
64	27	87	174
64	28	198	396
64	29	121	241
64	30	233	467
64	31	263	526
64	32	179	360
64	33	163	326
64	34	233	467
64	35	182	365
64	36	107	215
64	37	128	256
64	38	74	149
64	39	74	149
64	40	107	215
64	41	213	425
64	42	232	464
64	43	194	388
64	44	214	429
64	45	181	362
64	46	213	425
64	47	161	322
64	48	63	125
64	49	65	130
64	50	96	192
64	51	85	170
64	52	63	125
64	53	42	84
64	54	24	49
64	55	76	152
64	56	13	26
64	57	28	56
64	58	42	84
64	59	146	292
64	60	47	94
64	61	79	157
64	62	22	45
64	63	83	166
64	64	0	0
64	65	22	45
65	0	91	183
65	1	136	272
65	2	165	330
65	3	136	272
65	4	106	211
65	5	113	226
65	6	208	417
65	7	91	181
65	8	113	226
65	9	52	104
65	10	58	116
65	11	80	159
65	12	75	149
65	13	52	104
65	14	92	185
65	15	103	206
65	16	52	105
65	17	92	185
65	18	39	78
65	19	153	307
65	20	153	306
65	21	153	307
65	22	39	79
65	23	79	158
65	24	99	198
65	25	39	79
65	26	99	198
65	27	65	130
65	28	178	357
65	29	99	198
65	30	216	431
65	31	243	486
65	32	159	319
65	33	147	294
65	34	216	431
65	35	169	338
65	36	90	180
65	37	110	219
65	38	65	131
65	39	54	108
65	40	90	180
65	41	196	393
65	42	215	432
65	43	178	357
65	44	198	396
65	45	168	336
65	46	196	393
65	47	150	300
65	48	82	165
65	49	87	174
65	50	118	237
65	51	107	214
65	52	82	165
65	53	22	43
65	54	3	6
65	55	72	144
65	56	18	36
65	57	15	30
65	58	22	43
65	59	129	258
65	60	69	139
65	61	65	130
65	62	0	0
65	63	97	194
65	64	22	45
65	65	0	0
</TRAVEL_COSTS_TIMES>
