<NB_CUSTOMERS>20</NB_CUSTOMERS>
<NB_LOCATIONS>76</NB_LOCATIONS>
<NB_VEHICLES>5</NB_VEHICLES>
<VEHICLE_CAPACITY>750</VEHICLE_CAPACITY>
<EXTERNAL_VEHICLE_COST>5600</EXTERNAL_VEHICLE_COST>
<DEPOT>	ID	DEMAND	NBLOC	LOCS
0	0	1		0
</DEPOT>
<CUSTOMERS>	ID	DEMAND	NBLOC	LOCS
1	60	4			1	2	3	4
2	62	4			5	6	7	8
3	74	4			9	10	11	12
4	36	1			13
5	55	4			14	15	16	17
6	45	6			18	19	20	21	22	23
7	30	3			24	25	26
8	32	6			27	28	29	30	31	32
9	63	6			33	34	35	36	37	38
10	55	3			39	40	41
11	18	6			42	43	44	45	46	47
12	46	4			48	49	50	51
13	45	4			52	53	54	55
14	44	3			56	57	58
15	82	4			59	60	61	62
16	43	4			63	64	65	66
17	58	1			67
18	43	6			68	69	70	71	72	73
19	43	1			74
20	61	1			75
</CUSTOMERS>
<LOCATIONS>	ID	x	y	TWE	TWL
0	0	0	0	720
1	98.8227	56.4785	0	76
2	131.748	-23.2745	249	266
3	82.0698	27.5672	408	609
4	98.8227	56.4785	676	720
5	112.539	-102.138	0	6
6	64.4973	-32.4419	175	230
7	33.8666	-65.3609	320	429
8	112.539	-102.138	603	720
9	-41.0017	18.2392	0	43
10	26.6225	31.7049	181	232
11	-77.684	-1.45118	451	599
12	-41.0017	18.2392	682	720
13	-54.7584	-162.345	0	720
14	26.2773	-49.4918	0	38
15	21.4653	-44.4416	52	170
16	93.3258	31.6881	379	411
17	26.2773	-49.4918	622	720
18	-30.7213	-0.562444	0	55
19	-13.4038	-54.9797	169	188
20	-68.739	13.7719	365	392
21	-47.4725	43.1817	465	551
22	-33.5833	47.025	580	597
23	-30.7213	-0.562444	692	720
24	73.7831	93.9153	0	148
25	118.983	-26.3138	405	443
26	73.7831	93.9153	700	720
27	-40.975	-15.9333	0	16
28	-80.8057	-6.8142	98	101
29	-33.0773	-19.8813	200	268
30	-12.3034	1.91257	328	387
31	-24.6129	39.092	465	523
32	-40.975	-15.9333	638	720
33	80.7849	123.241	0	10
34	49.5281	149.108	91	135
35	64.5853	72.092	292	295
36	80.2574	118.064	392	491
37	116.871	107.87	567	588
38	80.7849	123.241	666	720
39	-0.557894	2.63989	0	27
40	-154.227	-46.4489	350	355
41	-0.557894	2.63989	678	720
42	-63.4776	54.6441	0	131
43	-115.017	55.9383	234	271
44	-68.1601	53.255	365	409
45	-63.0406	62.7901	431	482
46	-60.2824	76.1003	509	535
47	-63.4776	54.6441	578	720
48	-18.6082	-8.19959	0	72
49	-59.7951	80.336	267	287
50	1.7606	-19.6449	521	536
51	-18.6082	-8.19959	583	720
52	1.79213	-19.5072	0	9
53	93.2068	-61.8426	210	212
54	-18.1409	-14.0614	454	568
55	1.79213	-19.5072	609	720
56	-14.4876	19.4648	0	195
57	-106.182	56.1049	392	497
58	-14.4876	19.4648	694	720
59	74.2494	-68.0633	0	120
60	69.3913	-60.8731	137	195
61	53.8109	-77.5965	241	487
62	74.2494	-68.0633	532	720
63	-18.6573	24.9548	0	1
64	57.5481	-61.1505	231	234
65	-81.3839	-56.3379	512	513
66	-18.6573	24.9548	718	720
67	40.3509	-76.7768	0	720
68	58.2168	77.9691	0	28
69	27.0337	67.4403	94	112
70	83.3852	59.6607	226	232
71	38.0254	60.3984	323	346
72	39.9859	144.42	514	566
73	58.2168	77.9691	704	720
74	60.9184	71.6798	0	720
75	27.4911	-3.54316	0	720
</LOCATIONS>
<TRAVEL_COSTS_TIMES>	IDFROM	IDTO	COST	TIME
0	0	0	0
0	1	114	228
0	2	134	267
0	3	87	173
0	4	114	228
0	5	152	304
0	6	72	144
0	7	73	147
0	8	152	304
0	9	45	90
0	10	41	83
0	11	77	155
0	12	45	90
0	13	171	343
0	14	56	112
0	15	49	99
0	16	99	197
0	17	56	112
0	18	31	61
0	19	57	113
0	20	70	140
0	21	64	128
0	22	58	115
0	23	31	61
0	24	119	239
0	25	122	244
0	26	119	239
0	27	44	88
0	28	81	162
0	29	39	77
0	30	12	25
0	31	46	92
0	32	44	88
0	33	147	295
0	34	157	314
0	35	96	194
0	36	142	286
0	37	159	318
0	38	147	295
0	39	3	5
0	40	161	322
0	41	3	5
0	42	84	167
0	43	128	256
0	44	86	173
0	45	89	178
0	46	97	194
0	47	84	167
0	48	20	41
0	49	100	200
0	50	20	39
0	51	20	41
0	52	20	39
0	53	112	224
0	54	23	46
0	55	20	39
0	56	24	49
0	57	120	240
0	58	24	49
0	59	101	201
0	60	92	185
0	61	94	189
0	62	101	201
0	63	31	62
0	64	84	168
0	65	99	198
0	66	31	62
0	67	86	173
0	68	97	195
0	69	73	145
0	70	103	205
0	71	71	143
0	72	150	300
0	73	97	195
0	74	94	188
0	75	28	55
1	0	114	228
1	1	0	0
1	2	86	173
1	3	33	67
1	4	0	0
1	5	159	318
1	6	95	191
1	7	138	276
1	8	159	318
1	9	145	290
1	10	76	153
1	11	185	371
1	12	145	290
1	13	267	535
1	14	128	257
1	15	127	254
1	16	25	51
1	17	128	257
1	18	142	283
1	19	158	316
1	20	173	346
1	21	147	294
1	22	133	265
1	23	142	283
1	24	45	90
1	25	85	170
1	26	45	90
1	27	157	315
1	28	190	381
1	29	152	305
1	30	124	248
1	31	125	249
1	32	157	315
1	33	69	138
1	34	105	210
1	35	38	75
1	36	64	129
1	37	54	109
1	38	69	138
1	39	113	226
1	40	273	546
1	41	113	226
1	42	162	325
1	43	214	428
1	44	167	334
1	45	162	324
1	46	160	320
1	47	162	325
1	48	134	268
1	49	160	321
1	50	123	246
1	51	134	268
1	52	123	246
1	53	118	237
1	54	137	273
1	55	123	246
1	56	119	238
1	57	205	410
1	58	119	238
1	59	127	254
1	60	121	242
1	61	141	283
1	62	127	254
1	63	122	243
1	64	124	249
1	65	213	425
1	66	122	243
1	67	145	291
1	68	46	92
1	69	73	145
1	70	16	32
1	71	61	122
1	72	106	212
1	73	46	92
1	74	41	82
1	75	93	186
2	0	134	267
2	1	86	173
2	2	0	0
2	3	71	142
2	4	86	173
2	5	81	162
2	6	68	136
2	7	107	213
2	8	81	162
2	9	178	355
2	10	119	237
2	11	210	421
2	12	178	355
2	13	233	465
2	14	109	217
2	15	112	224
2	16	67	134
2	17	109	217
2	18	164	328
2	19	148	297
2	20	204	407
2	21	191	382
2	22	180	359
2	23	164	328
2	24	131	261
2	25	13	26
2	26	131	261
2	27	173	346
2	28	213	426
2	29	165	330
2	30	146	292
2	31	168	337
2	32	173	346
2	33	155	310
2	34	191	382
2	35	117	233
2	36	150	301
2	37	132	264
2	38	155	310
2	39	135	269
2	40	287	574
2	41	135	269
2	42	210	420
2	43	259	518
2	44	214	428
2	45	213	426
2	46	216	432
2	47	210	420
2	48	151	302
2	49	218	435
2	50	130	260
2	51	151	302
2	52	130	260
2	53	55	109
2	54	150	300
2	55	130	260
2	56	152	305
2	57	251	502
2	58	152	305
2	59	73	146
2	60	73	146
2	61	95	190
2	62	73	146
2	63	158	316
2	64	83	167
2	65	216	431
2	66	158	316
2	67	106	212
2	68	125	250
2	69	139	277
2	70	96	192
2	71	126	251
2	72	191	382
2	73	125	250
2	74	118	237
2	75	106	212
3	0	87	173
3	1	33	67
3	2	71	142
3	3	0	0
3	4	33	67
3	5	133	266
3	6	63	125
3	7	105	209
3	8	133	266
3	9	123	247
3	10	56	111
3	11	162	325
3	12	123	247
3	13	234	468
3	14	95	190
3	15	94	188
3	16	12	24
3	17	95	190
3	18	116	232
3	19	126	252
3	20	151	303
3	21	130	261
3	22	117	235
3	23	116	232
3	24	67	134
3	25	65	131
3	26	67	134
3	27	130	261
3	28	166	333
3	29	125	249
3	30	98	196
3	31	107	215
3	32	130	261
3	33	95	191
3	34	126	252
3	35	48	96
3	36	90	181
3	37	87	175
3	38	95	191
3	39	86	173
3	40	247	495
3	41	86	173
3	42	148	296
3	43	199	398
3	44	152	305
3	45	149	299
3	46	150	301
3	47	148	296
3	48	107	214
3	49	151	303
3	50	93	186
3	51	107	214
3	52	93	186
3	53	90	180
3	54	109	217
3	55	93	186
3	56	97	194
3	57	190	381
3	58	97	194
3	59	96	192
3	60	89	179
3	61	109	218
3	62	96	192
3	63	101	202
3	64	92	184
3	65	184	367
3	66	101	202
3	67	112	225
3	68	56	112
3	69	68	136
3	70	32	64
3	71	55	110
3	72	124	248
3	73	56	112
3	74	49	98
3	75	63	126
4	0	114	228
4	1	0	0
4	2	86	173
4	3	33	67
4	4	0	0
4	5	159	318
4	6	95	191
4	7	138	276
4	8	159	318
4	9	145	290
4	10	76	153
4	11	185	371
4	12	145	290
4	13	267	535
4	14	128	257
4	15	127	254
4	16	25	51
4	17	128	257
4	18	142	283
4	19	158	316
4	20	173	346
4	21	147	294
4	22	133	265
4	23	142	283
4	24	45	90
4	25	85	170
4	26	45	90
4	27	157	315
4	28	190	381
4	29	152	305
4	30	124	248
4	31	125	249
4	32	157	315
4	33	69	138
4	34	105	210
4	35	38	75
4	36	64	129
4	37	54	109
4	38	69	138
4	39	113	226
4	40	273	546
4	41	113	226
4	42	162	325
4	43	214	428
4	44	167	334
4	45	162	324
4	46	160	320
4	47	162	325
4	48	134	268
4	49	160	321
4	50	123	246
4	51	134	268
4	52	123	246
4	53	118	237
4	54	137	273
4	55	123	246
4	56	119	238
4	57	205	410
4	58	119	238
4	59	127	254
4	60	121	242
4	61	141	283
4	62	127	254
4	63	122	243
4	64	124	249
4	65	213	425
4	66	122	243
4	67	145	291
4	68	46	92
4	69	73	145
4	70	16	32
4	71	61	122
4	72	106	212
4	73	46	92
4	74	41	82
4	75	93	186
5	0	152	304
5	1	159	318
5	2	81	162
5	3	133	266
5	4	159	318
5	5	0	0
5	6	85	169
5	7	87	174
5	8	0	0
5	9	195	390
5	10	159	318
5	11	215	430
5	12	195	390
5	13	178	356
5	14	101	202
5	15	108	216
5	16	135	270
5	17	101	202
5	18	175	351
5	19	134	269
5	20	215	430
5	21	216	432
5	22	209	417
5	23	175	351
5	24	200	400
5	25	76	152
5	26	200	400
5	27	176	352
5	28	216	431
5	29	167	334
5	30	162	325
5	31	197	393
5	32	176	352
5	33	227	455
5	34	259	518
5	35	181	361
5	36	222	445
5	37	210	420
5	38	227	455
5	39	154	308
5	40	273	545
5	41	154	308
5	42	235	471
5	43	276	554
5	44	238	476
5	45	240	481
5	46	248	496
5	47	235	471
5	48	161	323
5	49	251	501
5	50	138	276
5	51	161	323
5	52	138	276
5	53	45	89
5	54	158	315
5	55	138	276
5	56	176	351
5	57	269	540
5	58	176	351
5	59	51	103
5	60	60	119
5	61	64	127
5	62	51	103
5	63	182	365
5	64	69	137
5	65	199	399
5	66	182	365
5	67	77	153
5	68	188	376
5	69	190	379
5	70	164	329
5	71	179	357
5	72	257	514
5	73	188	376
5	74	181	363
5	75	130	260
6	0	72	144
6	1	95	191
6	2	68	136
6	3	63	125
6	4	95	191
6	5	85	169
6	6	0	0
6	7	45	90
6	8	85	169
6	9	117	234
6	10	74	149
6	11	146	291
6	12	117	234
6	13	176	353
6	14	42	84
6	15	45	89
6	16	70	141
6	17	42	84
6	18	100	201
6	19	81	162
6	20	141	282
6	21	135	270
6	22	126	252
6	23	100	201
6	24	127	253
6	25	55	110
6	26	127	253
6	27	107	214
6	28	147	295
6	29	98	197
6	30	84	168
6	31	114	229
6	32	107	214
6	33	156	313
6	34	182	364
6	35	105	209
6	36	151	303
6	37	149	300
6	38	156	313
6	39	74	148
6	40	219	438
6	41	74	148
6	42	155	309
6	43	200	400
6	44	158	316
6	45	159	318
6	46	165	331
6	47	155	309
6	48	87	173
6	49	168	336
6	50	64	128
6	51	87	173
6	52	64	128
6	53	41	82
6	54	85	169
6	55	64	128
6	56	95	189
6	57	192	384
6	58	95	189
6	59	37	74
6	60	29	58
6	61	46	93
6	62	37	74
6	63	101	202
6	64	30	59
6	65	148	296
6	66	101	202
6	67	50	101
6	68	111	221
6	69	107	213
6	70	94	188
6	71	97	193
6	72	179	357
6	73	111	221
6	74	104	208
6	75	47	94
7	0	73	147
7	1	138	276
7	2	107	213
7	3	105	209
7	4	138	276
7	5	87	174
7	6	45	90
7	7	0	0
7	8	87	174
7	9	112	224
7	10	97	195
7	11	129	257
7	12	112	224
7	13	131	263
7	14	18	35
7	15	24	49
7	16	114	228
7	17	18	35
7	18	91	183
7	19	48	97
7	20	130	259
7	21	135	271
7	22	131	262
7	23	91	183
7	24	164	328
7	25	94	187
7	26	164	328
7	27	90	179
7	28	129	258
7	29	81	162
7	30	81	163
7	31	119	239
7	32	90	179
7	33	194	388
7	34	215	430
7	35	141	282
7	36	189	378
7	37	192	384
7	38	194	388
7	39	76	152
7	40	189	378
7	41	76	152
7	42	154	309
7	43	192	384
7	44	156	313
7	45	160	321
7	46	169	340
7	47	154	309
7	48	78	155
7	49	173	346
7	50	56	112
7	51	78	155
7	52	56	112
7	53	59	119
7	54	73	146
7	55	56	112
7	56	97	195
7	57	185	371
7	58	97	195
7	59	40	81
7	60	36	72
7	61	23	47
7	62	40	81
7	63	104	209
7	64	24	48
7	65	116	231
7	66	104	209
7	67	13	26
7	68	145	291
7	69	133	266
7	70	134	269
7	71	126	252
7	72	210	420
7	73	145	291
7	74	140	279
7	75	62	124
8	0	152	304
8	1	159	318
8	2	81	162
8	3	133	266
8	4	159	318
8	5	0	0
8	6	85	169
8	7	87	174
8	8	0	0
8	9	195	390
8	10	159	318
8	11	215	430
8	12	195	390
8	13	178	356
8	14	101	202
8	15	108	216
8	16	135	270
8	17	101	202
8	18	175	351
8	19	134	269
8	20	215	430
8	21	216	432
8	22	209	417
8	23	175	351
8	24	200	400
8	25	76	152
8	26	200	400
8	27	176	352
8	28	216	431
8	29	167	334
8	30	162	325
8	31	197	393
8	32	176	352
8	33	227	455
8	34	259	518
8	35	181	361
8	36	222	445
8	37	210	420
8	38	227	455
8	39	154	308
8	40	273	545
8	41	154	308
8	42	235	471
8	43	276	554
8	44	238	476
8	45	240	481
8	46	248	496
8	47	235	471
8	48	161	323
8	49	251	501
8	50	138	276
8	51	161	323
8	52	138	276
8	53	45	89
8	54	158	315
8	55	138	276
8	56	176	351
8	57	269	540
8	58	176	351
8	59	51	103
8	60	60	119
8	61	64	127
8	62	51	103
8	63	182	365
8	64	69	137
8	65	199	399
8	66	182	365
8	67	77	153
8	68	188	376
8	69	190	379
8	70	164	329
8	71	179	357
8	72	257	514
8	73	188	376
8	74	181	363
8	75	130	260
9	0	45	90
9	1	145	290
9	2	178	355
9	3	123	247
9	4	145	290
9	5	195	390
9	6	117	234
9	7	112	224
9	8	195	390
9	9	0	0
9	10	69	138
9	11	42	83
9	12	0	0
9	13	181	362
9	14	95	191
9	15	88	177
9	16	135	270
9	17	95	191
9	18	21	43
9	19	78	156
9	20	28	56
9	21	26	52
9	22	30	59
9	23	21	43
9	24	137	275
9	25	166	332
9	26	137	275
9	27	34	68
9	28	47	94
9	29	39	78
9	30	33	66
9	31	27	53
9	32	34	68
9	33	161	322
9	34	159	318
9	35	119	237
9	36	157	314
9	37	182	363
9	38	161	322
9	39	43	87
9	40	130	261
9	41	43	87
9	42	43	86
9	43	83	166
9	44	44	89
9	45	50	99
9	46	61	122
9	47	43	86
9	48	35	69
9	49	65	130
9	50	57	114
9	51	35	69
9	52	57	114
9	53	156	313
9	54	39	79
9	55	57	114
9	56	27	53
9	57	75	151
9	58	27	53
9	59	144	288
9	60	136	272
9	61	134	270
9	62	144	288
9	63	23	47
9	64	127	253
9	65	85	170
9	66	23	47
9	67	125	250
9	68	116	232
9	69	84	168
9	70	131	262
9	71	90	179
9	72	150	300
9	73	116	232
9	74	115	230
9	75	72	144
10	0	41	83
10	1	76	153
10	2	119	237
10	3	56	111
10	4	76	153
10	5	159	318
10	6	74	149
10	7	97	195
10	8	159	318
10	9	69	138
10	10	0	0
10	11	109	219
10	12	69	138
10	13	210	421
10	14	81	162
10	15	76	153
10	16	67	133
10	17	81	162
10	18	66	132
10	19	95	191
10	20	97	194
10	21	75	150
10	22	62	124
10	23	66	132
10	24	78	156
10	25	109	218
10	26	78	156
10	27	83	165
10	28	114	228
10	29	79	158
10	30	49	98
10	31	52	104
10	32	83	165
10	33	106	213
10	34	120	239
10	35	55	111
10	36	102	203
10	37	118	236
10	38	106	213
10	39	40	80
10	40	197	394
10	41	40	80
10	42	93	186
10	43	144	287
10	44	97	194
10	45	95	190
10	46	98	195
10	47	93	186
10	48	60	121
10	49	99	198
10	50	57	114
10	51	60	121
10	52	57	114
10	53	115	230
10	54	64	128
10	55	57	114
10	56	43	86
10	57	135	270
10	58	43	86
10	59	111	221
10	60	102	204
10	61	113	225
10	62	111	221
10	63	46	92
10	64	98	196
10	65	139	279
10	66	46	92
10	67	109	219
10	68	56	112
10	69	36	71
10	70	63	127
10	71	31	62
10	72	114	227
10	73	56	112
10	74	53	105
10	75	35	71
11	0	77	155
11	1	185	371
11	2	210	421
11	3	162	325
11	4	185	371
11	5	215	430
11	6	146	291
11	7	129	257
11	8	215	430
11	9	42	83
11	10	109	219
11	11	0	0
11	12	42	83
11	13	163	325
11	14	114	229
11	15	108	216
11	16	174	348
11	17	114	229
11	18	47	94
11	19	84	167
11	20	18	35
11	21	54	108
11	22	66	131
11	23	47	94
11	24	179	358
11	25	198	396
11	26	179	358
11	27	39	79
11	28	6	12
11	29	48	97
11	30	65	131
11	31	67	134
11	32	39	79
11	33	202	403
11	34	197	394
11	35	160	320
11	36	198	396
11	37	223	446
11	38	202	403
11	39	77	154
11	40	89	178
11	41	77	154
11	42	58	116
11	43	68	137
11	44	56	111
11	45	66	132
11	46	79	159
11	47	58	116
11	48	59	119
11	49	83	167
11	50	82	163
11	51	59	119
11	52	82	163
11	53	181	362
11	54	61	122
11	55	82	163
11	56	67	133
11	57	64	128
11	58	67	133
11	59	165	332
11	60	158	317
11	61	152	304
11	62	165	332
11	63	65	129
11	64	147	296
11	65	55	110
11	66	65	129
11	67	140	280
11	68	157	315
11	69	125	251
11	70	172	345
11	71	131	262
11	72	187	375
11	73	157	315
11	74	157	313
11	75	105	210
12	0	45	90
12	1	145	290
12	2	178	355
12	3	123	247
12	4	145	290
12	5	195	390
12	6	117	234
12	7	112	224
12	8	195	390
12	9	0	0
12	10	69	138
12	11	42	83
12	12	0	0
12	13	181	362
12	14	95	191
12	15	88	177
12	16	135	270
12	17	95	191
12	18	21	43
12	19	78	156
12	20	28	56
12	21	26	52
12	22	30	59
12	23	21	43
12	24	137	275
12	25	166	332
12	26	137	275
12	27	34	68
12	28	47	94
12	29	39	78
12	30	33	66
12	31	27	53
12	32	34	68
12	33	161	322
12	34	159	318
12	35	119	237
12	36	157	314
12	37	182	363
12	38	161	322
12	39	43	87
12	40	130	261
12	41	43	87
12	42	43	86
12	43	83	166
12	44	44	89
12	45	50	99
12	46	61	122
12	47	43	86
12	48	35	69
12	49	65	130
12	50	57	114
12	51	35	69
12	52	57	114
12	53	156	313
12	54	39	79
12	55	57	114
12	56	27	53
12	57	75	151
12	58	27	53
12	59	144	288
12	60	136	272
12	61	134	270
12	62	144	288
12	63	23	47
12	64	127	253
12	65	85	170
12	66	23	47
12	67	125	250
12	68	116	232
12	69	84	168
12	70	131	262
12	71	90	179
12	72	150	300
12	73	116	232
12	74	115	230
12	75	72	144
13	0	171	343
13	1	267	535
13	2	233	465
13	3	234	468
13	4	267	535
13	5	178	356
13	6	176	353
13	7	131	263
13	8	178	356
13	9	181	362
13	10	210	421
13	11	163	325
13	12	181	362
13	13	0	0
13	14	139	278
13	15	140	281
13	16	244	488
13	17	139	278
13	18	163	327
13	19	115	230
13	20	177	353
13	21	206	411
13	22	210	421
13	23	163	327
13	24	287	573
13	25	220	441
13	26	287	573
13	27	147	294
13	28	158	315
13	29	144	288
13	30	170	339
13	31	203	407
13	32	147	294
13	33	316	632
13	34	328	657
13	35	263	526
13	36	311	622
13	37	320	640
13	38	316	632
13	39	174	347
13	40	153	305
13	41	174	347
13	42	217	434
13	43	226	453
13	44	216	432
13	45	225	450
13	46	239	477
13	47	217	434
13	48	158	317
13	49	243	485
13	50	153	307
13	51	158	317
13	52	153	307
13	53	179	358
13	54	153	305
13	55	153	307
13	56	186	372
13	57	224	449
13	58	186	372
13	59	160	320
13	60	160	321
13	61	138	275
13	62	160	320
13	63	191	381
13	64	151	302
13	65	109	219
13	66	191	381
13	67	128	256
13	68	266	531
13	69	244	488
13	70	261	523
13	71	241	482
13	72	321	642
13	73	266	531
13	74	261	522
13	75	179	358
14	0	56	112
14	1	128	257
14	2	109	217
14	3	95	190
14	4	128	257
14	5	101	202
14	6	42	84
14	7	18	35
14	8	101	202
14	9	95	191
14	10	81	162
14	11	114	229
14	12	95	191
14	13	139	278
14	14	0	0
14	15	7	14
14	16	105	211
14	17	0	0
14	18	75	150
14	19	40	80
14	20	114	228
14	21	118	236
14	22	114	227
14	23	75	150
14	24	151	302
14	25	96	191
14	26	151	302
14	27	75	150
14	28	115	231
14	29	66	133
14	30	64	128
14	31	102	204
14	32	75	150
14	33	181	362
14	34	200	400
14	35	127	255
14	36	176	352
14	37	182	363
14	38	181	362
14	39	59	117
14	40	181	361
14	41	59	117
14	42	137	275
14	43	176	353
14	44	139	279
14	45	143	286
14	46	152	305
14	47	137	275
14	48	61	122
14	49	156	311
14	50	39	77
14	51	61	122
14	52	39	77
14	53	68	136
14	54	57	114
14	55	39	77
14	56	80	160
14	57	169	339
14	58	80	160
14	59	51	103
14	60	45	89
14	61	39	79
14	62	51	103
14	63	87	174
14	64	33	67
14	65	108	216
14	66	87	174
14	67	31	61
14	68	131	263
14	69	117	233
14	70	123	246
14	71	111	221
14	72	194	389
14	73	131	263
14	74	126	252
14	75	46	92
15	0	49	99
15	1	127	254
15	2	112	224
15	3	94	188
15	4	127	254
15	5	108	216
15	6	45	89
15	7	24	49
15	8	108	216
15	9	88	177
15	10	76	153
15	11	108	216
15	12	88	177
15	13	140	281
15	14	7	14
15	15	0	0
15	16	105	209
15	17	7	14
15	18	68	136
15	19	36	73
15	20	107	215
15	21	111	222
15	22	107	213
15	23	68	136
15	24	148	296
15	25	99	198
15	26	148	296
15	27	69	137
15	28	109	218
15	29	60	120
15	30	57	114
15	31	95	191
15	32	69	137
15	33	178	356
15	34	195	391
15	35	124	249
15	36	173	346
15	37	180	359
15	38	178	356
15	39	52	104
15	40	176	351
15	41	52	104
15	42	130	261
15	43	169	339
15	44	132	265
15	45	136	272
15	46	145	291
15	47	130	261
15	48	54	108
15	49	149	297
15	50	32	63
15	51	54	108
15	52	32	63
15	53	74	148
15	54	50	100
15	55	32	63
15	56	73	147
15	57	162	325
15	58	73	147
15	59	58	116
15	60	51	101
15	61	46	93
15	62	58	116
15	63	80	160
15	64	40	80
15	65	104	207
15	66	80	160
15	67	37	75
15	68	128	256
15	69	112	224
15	70	121	242
15	71	106	212
15	72	189	380
15	73	128	256
15	74	123	245
15	75	41	83
16	0	99	197
16	1	25	51
16	2	67	134
16	3	12	24
16	4	25	51
16	5	135	270
16	6	70	141
16	7	114	228
16	8	135	270
16	9	135	270
16	10	67	133
16	11	174	348
16	12	135	270
16	13	244	488
16	14	105	211
16	15	105	209
16	16	0	0
16	17	105	211
16	18	128	256
16	19	137	275
16	20	163	326
16	21	141	282
16	22	128	256
16	23	128	256
16	24	65	130
16	25	63	127
16	26	65	130
16	27	142	285
16	28	178	357
16	29	136	273
16	30	110	219
16	31	118	236
16	32	142	285
16	33	92	185
16	34	125	250
16	35	50	99
16	36	87	175
16	37	79	159
16	38	92	185
16	39	98	197
16	40	259	519
16	41	98	197
16	42	158	317
16	43	210	419
16	44	163	326
16	45	159	319
16	46	160	320
16	47	158	317
16	48	119	238
16	49	161	321
16	50	105	210
16	51	119	238
16	52	105	210
16	53	94	187
16	54	120	241
16	55	105	210
16	56	109	217
16	57	201	402
16	58	109	217
16	59	102	203
16	60	96	191
16	61	116	232
16	62	102	203
16	63	112	224
16	64	99	199
16	65	196	391
16	66	112	224
16	67	120	241
16	68	58	116
16	69	75	151
16	70	30	59
16	71	62	125
16	72	125	249
16	73	58	116
16	74	51	103
16	75	75	149
17	0	56	112
17	1	128	257
17	2	109	217
17	3	95	190
17	4	128	257
17	5	101	202
17	6	42	84
17	7	18	35
17	8	101	202
17	9	95	191
17	10	81	162
17	11	114	229
17	12	95	191
17	13	139	278
17	14	0	0
17	15	7	14
17	16	105	211
17	17	0	0
17	18	75	150
17	19	40	80
17	20	114	228
17	21	118	236
17	22	114	227
17	23	75	150
17	24	151	302
17	25	96	191
17	26	151	302
17	27	75	150
17	28	115	231
17	29	66	133
17	30	64	128
17	31	102	204
17	32	75	150
17	33	181	362
17	34	200	400
17	35	127	255
17	36	176	352
17	37	182	363
17	38	181	362
17	39	59	117
17	40	181	361
17	41	59	117
17	42	137	275
17	43	176	353
17	44	139	279
17	45	143	286
17	46	152	305
17	47	137	275
17	48	61	122
17	49	156	311
17	50	39	77
17	51	61	122
17	52	39	77
17	53	68	136
17	54	57	114
17	55	39	77
17	56	80	160
17	57	169	339
17	58	80	160
17	59	51	103
17	60	45	89
17	61	39	79
17	62	51	103
17	63	87	174
17	64	33	67
17	65	108	216
17	66	87	174
17	67	31	61
17	68	131	263
17	69	117	233
17	70	123	246
17	71	111	221
17	72	194	389
17	73	131	263
17	74	126	252
17	75	46	92
18	0	31	61
18	1	142	283
18	2	164	328
18	3	116	232
18	4	142	283
18	5	175	351
18	6	100	201
18	7	91	183
18	8	175	351
18	9	21	43
18	10	66	132
18	11	47	94
18	12	21	43
18	13	163	327
18	14	75	150
18	15	68	136
18	16	128	256
18	17	75	150
18	18	0	0
18	19	57	114
18	20	41	81
18	21	47	94
18	22	48	95
18	23	0	0
18	24	141	282
18	25	152	304
18	26	141	282
18	27	18	37
18	28	50	101
18	29	19	39
18	30	19	37
18	31	40	80
18	32	18	37
18	33	166	333
18	34	170	339
18	35	120	240
18	36	162	325
18	37	183	366
18	38	166	333
18	39	30	61
18	40	132	264
18	41	30	61
18	42	64	128
18	43	101	203
18	44	65	131
18	45	71	142
18	46	82	164
18	47	64	128
18	48	14	29
18	49	86	172
18	50	37	75
18	51	14	29
18	52	37	75
18	53	138	276
18	54	18	37
18	55	37	75
18	56	26	52
18	57	94	189
18	58	26	52
18	59	124	249
18	60	116	233
18	61	114	229
18	62	124	249
18	63	28	56
18	64	107	214
18	65	75	151
18	66	28	56
18	67	104	208
18	68	119	237
18	69	89	178
18	70	129	258
18	71	92	184
18	72	161	322
18	73	119	237
18	74	117	233
18	75	58	116
19	0	57	113
19	1	158	316
19	2	148	297
19	3	126	252
19	4	158	316
19	5	134	269
19	6	81	162
19	7	48	97
19	8	134	269
19	9	78	156
19	10	95	191
19	11	84	167
19	12	78	156
19	13	115	230
19	14	40	80
19	15	36	73
19	16	137	275
19	17	40	80
19	18	57	114
19	19	0	0
19	20	88	177
19	21	104	208
19	22	104	208
19	23	57	114
19	24	172	345
19	25	135	271
19	26	172	345
19	27	48	96
19	28	83	166
19	29	40	80
19	30	57	114
19	31	95	189
19	32	48	96
19	33	201	403
19	34	213	427
19	35	149	298
19	36	196	394
19	37	209	417
19	38	201	403
19	39	59	118
19	40	141	282
19	41	59	118
19	42	120	241
19	43	150	301
19	44	121	242
19	45	128	255
19	46	139	278
19	47	120	241
19	48	47	94
19	49	143	286
19	50	38	77
19	51	47	94
19	52	38	77
19	53	107	213
19	54	41	82
19	55	38	77
19	56	74	149
19	57	145	289
19	58	74	149
19	59	88	177
19	60	83	166
19	61	71	142
19	62	88	177
19	63	80	160
19	64	71	142
19	65	68	136
19	66	80	160
19	67	58	116
19	68	151	302
19	69	129	258
19	70	150	300
19	71	126	252
19	72	206	413
19	73	151	302
19	74	147	294
19	75	66	131
20	0	70	140
20	1	173	346
20	2	204	407
20	3	151	303
20	4	173	346
20	5	215	430
20	6	141	282
20	7	130	259
20	8	215	430
20	9	28	56
20	10	97	194
20	11	18	35
20	12	28	56
20	13	177	353
20	14	114	228
20	15	107	215
20	16	163	326
20	17	114	228
20	18	41	81
20	19	88	177
20	20	0	0
20	21	36	73
20	22	48	97
20	23	41	81
20	24	164	327
20	25	192	384
20	26	164	327
20	27	41	81
20	28	24	47
20	29	49	98
20	30	58	115
20	31	51	102
20	32	41	81
20	33	185	371
20	34	180	359
20	35	146	291
20	36	182	364
20	37	208	416
20	38	185	371
20	39	69	138
20	40	105	209
20	41	69	138
20	42	41	82
20	43	63	125
20	44	39	79
20	45	49	98
20	46	63	125
20	47	41	82
20	48	55	109
20	49	67	134
20	50	78	156
20	51	55	109
20	52	78	156
20	53	179	357
20	54	58	115
20	55	78	156
20	56	55	109
20	57	57	113
20	58	55	109
20	59	165	329
20	60	157	314
20	61	153	306
20	62	165	329
20	63	51	103
20	64	147	293
20	65	71	142
20	66	51	103
20	67	142	284
20	68	142	285
20	69	110	220
20	70	159	318
20	71	117	233
20	72	170	340
20	73	142	285
20	74	142	284
20	75	98	195
21	0	64	128
21	1	147	294
21	2	191	382
21	3	130	261
21	4	147	294
21	5	216	432
21	6	135	270
21	7	135	271
21	8	216	432
21	9	26	52
21	10	75	150
21	11	54	108
21	12	26	52
21	13	206	411
21	14	118	236
21	15	111	222
21	16	141	282
21	17	118	236
21	18	47	94
21	19	104	208
21	20	36	73
21	21	0	0
21	22	14	29
21	23	47	94
21	24	131	263
21	25	180	361
21	26	131	263
21	27	59	119
21	28	60	120
21	29	65	129
21	30	54	108
21	31	23	46
21	32	59	119
21	33	151	302
21	34	144	287
21	35	115	231
21	36	148	296
21	37	176	353
21	38	151	302
21	39	62	124
21	40	139	279
21	41	62	124
21	42	20	39
21	43	69	137
21	44	23	46
21	45	25	50
21	46	35	71
21	47	20	39
21	48	59	118
21	49	39	78
21	50	80	159
21	51	59	118
21	52	80	159
21	53	176	351
21	54	64	129
21	55	80	159
21	56	41	81
21	57	60	120
21	58	41	81
21	59	165	329
21	60	156	313
21	61	157	315
21	62	165	329
21	63	34	68
21	64	148	296
21	65	105	210
21	66	34	68
21	67	148	297
21	68	111	223
21	69	78	157
21	70	132	264
21	71	87	174
21	72	134	268
21	73	111	223
21	74	112	224
21	75	88	176
22	0	58	115
22	1	133	265
22	2	180	359
22	3	117	235
22	4	133	265
22	5	209	417
22	6	126	252
22	7	131	262
22	8	209	417
22	9	30	59
22	10	62	124
22	11	66	131
22	12	30	59
22	13	210	421
22	14	114	227
22	15	107	213
22	16	128	256
22	17	114	227
22	18	48	95
22	19	104	208
22	20	48	97
22	21	14	29
22	22	0	0
22	23	48	95
22	24	117	234
22	25	169	339
22	26	117	234
22	27	63	127
22	28	72	143
22	29	67	134
22	30	50	100
22	31	12	24
22	32	63	127
22	33	137	275
22	34	132	263
22	35	101	202
22	36	134	268
22	37	162	325
22	38	137	275
22	39	55	110
22	40	153	305
22	41	55	110
22	42	31	62
22	43	82	164
22	44	35	70
22	45	33	67
22	46	39	79
22	47	31	62
22	48	57	114
22	49	42	85
22	50	75	151
22	51	57	114
22	52	75	151
22	53	167	334
22	54	63	126
22	55	75	151
22	56	34	67
22	57	73	146
22	58	34	67
22	59	158	315
22	60	149	298
22	61	152	304
22	62	158	315
22	63	27	53
22	64	141	283
22	65	114	228
22	66	27	53
22	67	144	288
22	68	97	194
22	69	64	128
22	70	118	235
22	71	73	146
22	72	122	244
22	73	97	194
22	74	98	195
22	75	79	159
23	0	31	61
23	1	142	283
23	2	164	328
23	3	116	232
23	4	142	283
23	5	175	351
23	6	100	201
23	7	91	183
23	8	175	351
23	9	21	43
23	10	66	132
23	11	47	94
23	12	21	43
23	13	163	327
23	14	75	150
23	15	68	136
23	16	128	256
23	17	75	150
23	18	0	0
23	19	57	114
23	20	41	81
23	21	47	94
23	22	48	95
23	23	0	0
23	24	141	282
23	25	152	304
23	26	141	282
23	27	18	37
23	28	50	101
23	29	19	39
23	30	19	37
23	31	40	80
23	32	18	37
23	33	166	333
23	34	170	339
23	35	120	240
23	36	162	325
23	37	183	366
23	38	166	333
23	39	30	61
23	40	132	264
23	41	30	61
23	42	64	128
23	43	101	203
23	44	65	131
23	45	71	142
23	46	82	164
23	47	64	128
23	48	14	29
23	49	86	172
23	50	37	75
23	51	14	29
23	52	37	75
23	53	138	276
23	54	18	37
23	55	37	75
23	56	26	52
23	57	94	189
23	58	26	52
23	59	124	249
23	60	116	233
23	61	114	229
23	62	124	249
23	63	28	56
23	64	107	214
23	65	75	151
23	66	28	56
23	67	104	208
23	68	119	237
23	69	89	178
23	70	129	258
23	71	92	184
23	72	161	322
23	73	119	237
23	74	117	233
23	75	58	116
24	0	119	239
24	1	45	90
24	2	131	261
24	3	67	134
24	4	45	90
24	5	200	400
24	6	127	253
24	7	164	328
24	8	200	400
24	9	137	275
24	10	78	156
24	11	179	358
24	12	137	275
24	13	287	573
24	14	151	302
24	15	148	296
24	16	65	130
24	17	151	302
24	18	141	282
24	19	172	345
24	20	164	327
24	21	131	263
24	22	117	234
24	23	141	282
24	24	0	0
24	25	128	257
24	26	0	0
24	27	159	318
24	28	184	369
24	29	156	312
24	30	126	252
24	31	113	225
24	32	159	318
24	33	30	60
24	34	60	121
24	35	24	47
24	36	25	50
24	37	45	91
24	38	30	60
24	39	118	235
24	40	267	535
24	41	118	235
24	42	143	286
24	43	192	385
24	44	148	295
24	45	140	281
24	46	135	270
24	47	143	286
24	48	137	275
24	49	134	269
24	50	134	268
24	51	137	275
24	52	134	268
24	53	157	314
24	54	142	284
24	55	134	268
24	56	115	231
24	57	184	368
24	58	115	231
24	59	162	324
24	60	155	310
24	61	173	345
24	62	162	324
24	63	115	231
24	64	156	312
24	65	216	432
24	66	115	231
24	67	174	348
24	68	22	45
24	69	54	107
24	70	36	71
24	71	49	98
24	72	61	122
24	73	22	45
24	74	26	51
24	75	108	215
25	0	122	244
25	1	85	170
25	2	13	26
25	3	65	131
25	4	85	170
25	5	76	152
25	6	55	110
25	7	94	187
25	8	76	152
25	9	166	332
25	10	109	218
25	11	198	396
25	12	166	332
25	13	220	441
25	14	96	191
25	15	99	198
25	16	63	127
25	17	96	191
25	18	152	304
25	19	135	271
25	20	192	384
25	21	180	361
25	22	169	339
25	23	152	304
25	24	128	257
25	25	0	0
25	26	128	257
25	27	160	321
25	28	201	401
25	29	152	304
25	30	134	269
25	31	158	316
25	32	160	321
25	33	154	308
25	34	188	377
25	35	112	225
25	36	149	299
25	37	134	268
25	38	154	308
25	39	123	246
25	40	274	548
25	41	123	246
25	42	200	399
25	43	248	496
25	44	203	407
25	45	202	405
25	46	206	413
25	47	200	399
25	48	139	278
25	49	208	416
25	50	117	235
25	51	139	278
25	52	117	235
25	53	44	88
25	54	138	275
25	55	117	235
25	56	141	282
25	57	240	479
25	58	141	282
25	59	61	122
25	60	60	121
25	61	83	166
25	62	61	122
25	63	147	294
25	64	71	141
25	65	203	405
25	66	147	294
25	67	93	187
25	68	121	241
25	69	131	263
25	70	93	186
25	71	119	237
25	72	188	376
25	73	121	241
25	74	114	228
25	75	94	189
26	0	119	239
26	1	45	90
26	2	131	261
26	3	67	134
26	4	45	90
26	5	200	400
26	6	127	253
26	7	164	328
26	8	200	400
26	9	137	275
26	10	78	156
26	11	179	358
26	12	137	275
26	13	287	573
26	14	151	302
26	15	148	296
26	16	65	130
26	17	151	302
26	18	141	282
26	19	172	345
26	20	164	327
26	21	131	263
26	22	117	234
26	23	141	282
26	24	0	0
26	25	128	257
26	26	0	0
26	27	159	318
26	28	184	369
26	29	156	312
26	30	126	252
26	31	113	225
26	32	159	318
26	33	30	60
26	34	60	121
26	35	24	47
26	36	25	50
26	37	45	91
26	38	30	60
26	39	118	235
26	40	267	535
26	41	118	235
26	42	143	286
26	43	192	385
26	44	148	295
26	45	140	281
26	46	135	270
26	47	143	286
26	48	137	275
26	49	134	269
26	50	134	268
26	51	137	275
26	52	134	268
26	53	157	314
26	54	142	284
26	55	134	268
26	56	115	231
26	57	184	368
26	58	115	231
26	59	162	324
26	60	155	310
26	61	173	345
26	62	162	324
26	63	115	231
26	64	156	312
26	65	216	432
26	66	115	231
26	67	174	348
26	68	22	45
26	69	54	107
26	70	36	71
26	71	49	98
26	72	61	122
26	73	22	45
26	74	26	51
26	75	108	215
27	0	44	88
27	1	157	315
27	2	173	346
27	3	130	261
27	4	157	315
27	5	176	352
27	6	107	214
27	7	90	179
27	8	176	352
27	9	34	68
27	10	83	165
27	11	39	79
27	12	34	68
27	13	147	294
27	14	75	150
27	15	69	137
27	16	142	285
27	17	75	150
27	18	18	37
27	19	48	96
27	20	41	81
27	21	59	119
27	22	63	127
27	23	18	37
27	24	159	318
27	25	160	321
27	26	159	318
27	27	0	0
27	28	41	82
27	29	9	18
27	30	34	68
27	31	57	115
27	32	0	0
27	33	184	370
27	34	188	376
27	35	137	275
27	36	180	361
27	37	200	401
27	38	184	370
27	39	44	89
27	40	117	235
27	41	44	89
27	42	74	148
27	43	103	206
27	44	74	149
27	45	82	164
27	46	94	188
27	47	74	148
27	48	24	47
27	49	98	196
27	50	43	86
27	51	24	47
27	52	43	86
27	53	142	284
27	54	23	46
27	55	43	86
27	56	44	88
27	57	97	194
27	58	44	88
27	59	126	253
27	60	119	238
27	61	113	226
27	62	126	253
27	63	46	93
27	64	108	217
27	65	57	114
27	66	46	93
27	67	102	203
27	68	137	273
27	69	107	215
27	70	145	291
27	71	110	220
27	72	179	359
27	73	137	273
27	74	134	269
27	75	70	139
28	0	81	162
28	1	190	381
28	2	213	426
28	3	166	333
28	4	190	381
28	5	216	431
28	6	147	295
28	7	129	258
28	8	216	431
28	9	47	94
28	10	114	228
28	11	6	12
28	12	47	94
28	13	158	315
28	14	115	231
28	15	109	218
28	16	178	357
28	17	115	231
28	18	50	101
28	19	83	166
28	20	24	47
28	21	60	120
28	22	72	143
28	23	50	101
28	24	184	369
28	25	201	401
28	26	184	369
28	27	41	82
28	28	0	0
28	29	49	99
28	30	69	138
28	31	73	145
28	32	41	82
28	33	207	415
28	34	203	406
28	35	165	331
28	36	204	408
28	37	228	457
28	38	207	415
28	39	80	162
28	40	83	167
28	41	80	162
28	42	64	128
28	43	71	143
28	44	61	123
28	45	72	144
28	46	85	171
28	47	64	128
28	48	62	124
28	49	89	179
28	50	84	167
28	51	62	124
28	52	84	167
28	53	182	365
28	54	63	126
28	55	84	167
28	56	71	143
28	57	68	136
28	58	71	143
28	59	166	333
28	60	159	319
28	61	152	304
28	62	166	333
28	63	70	140
28	64	148	297
28	65	50	99
28	66	70	140
28	67	140	280
28	68	163	326
28	69	131	262
28	70	177	354
28	71	137	273
28	72	193	387
28	73	163	326
28	74	162	324
28	75	108	217
29	0	39	77
29	1	152	305
29	2	165	330
29	3	125	249
29	4	152	305
29	5	167	334
29	6	98	197
29	7	81	162
29	8	167	334
29	9	39	78
29	10	79	158
29	11	48	97
29	12	39	78
29	13	144	288
29	14	66	133
29	15	60	120
29	16	136	273
29	17	66	133
29	18	19	39
29	19	40	80
29	20	49	98
29	21	65	129
29	22	67	134
29	23	19	39
29	24	156	312
29	25	152	304
29	26	156	312
29	27	9	18
29	28	49	99
29	29	0	0
29	30	30	60
29	31	59	119
29	32	9	18
29	33	183	366
29	34	188	376
29	35	134	268
29	36	178	357
29	37	197	394
29	38	183	366
29	39	40	79
29	40	124	248
29	41	40	79
29	42	80	161
29	43	112	223
29	44	81	162
29	45	88	176
29	46	100	200
29	47	80	161
29	48	19	37
29	49	104	207
29	50	35	70
29	51	19	37
29	52	35	70
29	53	133	266
29	54	16	32
29	55	35	70
29	56	44	87
29	57	105	211
29	58	44	87
29	59	117	235
29	60	110	221
29	61	104	209
29	62	117	235
29	63	47	94
29	64	99	199
29	65	61	121
29	66	47	94
29	67	93	186
29	68	134	267
29	69	106	212
29	70	141	282
29	71	107	214
29	72	180	360
29	73	134	267
29	74	131	262
29	75	63	125
30	0	12	25
30	1	124	248
30	2	146	292
30	3	98	196
30	4	124	248
30	5	162	325
30	6	84	168
30	7	81	163
30	8	162	325
30	9	33	66
30	10	49	98
30	11	65	131
30	12	33	66
30	13	170	339
30	14	64	128
30	15	57	114
30	16	110	219
30	17	64	128
30	18	19	37
30	19	57	114
30	20	58	115
30	21	54	108
30	22	50	100
30	23	19	37
30	24	126	252
30	25	134	269
30	26	126	252
30	27	34	68
30	28	69	138
30	29	30	60
30	30	0	0
30	31	39	78
30	32	34	68
30	33	153	306
30	34	160	319
30	35	104	208
30	36	148	297
30	37	167	334
30	38	153	306
30	39	12	24
30	40	150	300
30	41	12	24
30	42	73	147
30	43	116	232
30	44	76	152
30	45	79	158
30	46	88	177
30	47	73	147
30	48	12	24
30	49	92	183
30	50	26	51
30	51	12	24
30	52	26	51
30	53	123	247
30	54	17	34
30	55	26	51
30	56	18	35
30	57	108	217
30	58	18	35
30	59	111	223
30	60	103	206
30	61	103	207
30	62	111	223
30	63	24	48
30	64	94	188
30	65	90	181
30	66	24	48
30	67	94	189
30	68	104	207
30	69	76	153
30	70	112	224
30	71	77	154
30	72	152	304
30	73	104	207
30	74	101	202
30	75	40	80
31	0	46	92
31	1	125	249
31	2	168	337
31	3	107	215
31	4	125	249
31	5	197	393
31	6	114	229
31	7	119	239
31	8	197	393
31	9	27	53
31	10	52	104
31	11	67	134
31	12	27	53
31	13	203	407
31	14	102	204
31	15	95	191
31	16	118	236
31	17	102	204
31	18	40	80
31	19	95	189
31	20	51	102
31	21	23	46
31	22	12	24
31	23	40	80
31	24	113	225
31	25	158	316
31	26	113	225
31	27	57	115
31	28	73	145
31	29	59	119
31	30	39	78
31	31	0	0
31	32	57	115
31	33	135	270
31	34	133	265
31	35	95	190
31	36	131	263
31	37	157	315
31	38	135	270
31	39	44	87
31	40	155	311
31	41	44	87
31	42	42	84
31	43	92	183
31	44	46	92
31	45	45	90
31	46	51	103
31	47	42	84
31	48	48	95
31	49	54	108
31	50	64	128
31	51	48	95
31	52	64	128
31	53	155	310
31	54	54	107
31	55	64	128
31	56	22	44
31	57	83	166
31	58	22	44
31	59	146	291
31	60	137	274
31	61	140	281
31	62	146	291
31	63	15	31
31	64	130	259
31	65	111	222
31	66	15	31
31	67	132	265
31	68	91	183
31	69	59	118
31	70	110	220
31	71	66	132
31	72	124	247
31	73	91	183
31	74	92	183
31	75	67	135
32	0	44	88
32	1	157	315
32	2	173	346
32	3	130	261
32	4	157	315
32	5	176	352
32	6	107	214
32	7	90	179
32	8	176	352
32	9	34	68
32	10	83	165
32	11	39	79
32	12	34	68
32	13	147	294
32	14	75	150
32	15	69	137
32	16	142	285
32	17	75	150
32	18	18	37
32	19	48	96
32	20	41	81
32	21	59	119
32	22	63	127
32	23	18	37
32	24	159	318
32	25	160	321
32	26	159	318
32	27	0	0
32	28	41	82
32	29	9	18
32	30	34	68
32	31	57	115
32	32	0	0
32	33	184	370
32	34	188	376
32	35	137	275
32	36	180	361
32	37	200	401
32	38	184	370
32	39	44	89
32	40	117	235
32	41	44	89
32	42	74	148
32	43	103	206
32	44	74	149
32	45	82	164
32	46	94	188
32	47	74	148
32	48	24	47
32	49	98	196
32	50	43	86
32	51	24	47
32	52	43	86
32	53	142	284
32	54	23	46
32	55	43	86
32	56	44	88
32	57	97	194
32	58	44	88
32	59	126	253
32	60	119	238
32	61	113	226
32	62	126	253
32	63	46	93
32	64	108	217
32	65	57	114
32	66	46	93
32	67	102	203
32	68	137	273
32	69	107	215
32	70	145	291
32	71	110	220
32	72	179	359
32	73	137	273
32	74	134	269
32	75	70	139
33	0	147	295
33	1	69	138
33	2	155	310
33	3	95	191
33	4	69	138
33	5	227	455
33	6	156	313
33	7	194	388
33	8	227	455
33	9	161	322
33	10	106	213
33	11	202	403
33	12	161	322
33	13	316	632
33	14	181	362
33	15	178	356
33	16	92	185
33	17	181	362
33	18	166	333
33	19	201	403
33	20	185	371
33	21	151	302
33	22	137	275
33	23	166	333
33	24	30	60
33	25	154	308
33	26	30	60
33	27	184	370
33	28	207	415
33	29	183	366
33	30	153	306
33	31	135	270
33	32	184	370
33	33	0	0
33	34	41	81
33	35	54	107
33	36	5	10
33	37	39	78
33	38	0	0
33	39	145	291
33	40	290	580
33	41	145	291
33	42	160	319
33	43	207	414
33	44	165	329
33	45	156	312
33	46	149	297
33	47	160	319
33	48	165	330
33	49	147	294
33	50	163	326
33	51	165	330
33	52	163	326
33	53	185	371
33	54	169	338
33	55	163	326
33	56	140	282
33	57	199	397
33	58	140	282
33	59	191	382
33	60	184	369
33	61	202	405
33	62	191	382
33	63	139	280
33	64	186	371
33	65	241	484
33	66	139	280
33	67	204	408
33	68	51	101
33	69	77	155
33	70	63	127
33	71	76	152
33	72	46	92
33	73	51	101
33	74	55	111
33	75	137	275
34	0	157	314
34	1	105	210
34	2	191	382
34	3	126	252
34	4	105	210
34	5	259	518
34	6	182	364
34	7	215	430
34	8	259	518
34	9	159	318
34	10	120	239
34	11	197	394
34	12	159	318
34	13	328	657
34	14	200	400
34	15	195	391
34	16	125	250
34	17	200	400
34	18	170	339
34	19	213	427
34	20	180	359
34	21	144	287
34	22	132	263
34	23	170	339
34	24	60	121
34	25	188	377
34	26	60	121
34	27	188	376
34	28	203	406
34	29	188	376
34	30	160	319
34	31	133	265
34	32	188	376
34	33	41	81
34	34	0	0
34	35	78	157
34	36	44	87
34	37	79	158
34	38	41	81
34	39	155	310
34	40	282	565
34	41	155	310
34	42	147	295
34	43	189	378
34	44	152	304
34	45	142	284
34	46	132	264
34	47	147	295
34	48	171	343
34	49	129	258
34	50	175	350
34	51	171	343
34	52	175	350
34	53	215	431
34	54	177	353
34	55	175	350
34	56	145	289
34	57	181	363
34	58	145	289
34	59	218	437
34	60	211	422
34	61	227	453
34	62	218	437
34	63	142	283
34	64	210	421
34	65	244	487
34	66	142	283
34	67	226	452
34	68	72	143
34	69	85	169
34	70	96	191
34	71	89	179
34	72	11	21
34	73	72	143
34	74	78	157
34	75	154	308
35	0	96	194
35	1	38	75
35	2	117	233
35	3	48	96
35	4	38	75
35	5	181	361
35	6	105	209
35	7	141	282
35	8	181	361
35	9	119	237
35	10	55	111
35	11	160	320
35	12	119	237
35	13	263	526
35	14	127	255
35	15	124	249
35	16	50	99
35	17	127	255
35	18	120	240
35	19	149	298
35	20	146	291
35	21	115	231
35	22	101	202
35	23	120	240
35	24	24	47
35	25	112	225
35	26	24	47
35	27	137	275
35	28	165	331
35	29	134	268
35	30	104	208
35	31	95	190
35	32	137	275
35	33	54	107
35	34	78	157
35	35	0	0
35	36	49	97
35	37	63	127
35	38	54	107
35	39	95	190
35	40	248	497
35	41	95	190
35	42	129	258
35	43	180	360
35	44	134	267
35	45	128	255
35	46	125	250
35	47	129	258
35	48	115	231
35	49	125	249
35	50	111	222
35	51	115	231
35	52	111	222
35	53	137	274
35	54	119	239
35	55	111	222
35	56	95	190
35	57	172	342
35	58	95	190
35	59	140	281
35	60	133	266
35	61	150	300
35	62	140	281
35	63	96	191
35	64	133	267
35	65	194	389
35	66	96	191
35	67	151	302
35	68	9	17
35	69	38	75
35	70	23	45
35	71	29	58
35	72	76	153
35	73	9	17
35	74	4	7
35	75	84	168
36	0	142	286
36	1	64	129
36	2	150	301
36	3	90	181
36	4	64	129
36	5	222	445
36	6	151	303
36	7	189	378
36	8	222	445
36	9	157	314
36	10	102	203
36	11	198	396
36	12	157	314
36	13	311	622
36	14	176	352
36	15	173	346
36	16	87	175
36	17	176	352
36	18	162	325
36	19	196	394
36	20	182	364
36	21	148	296
36	22	134	268
36	23	162	325
36	24	25	50
36	25	149	299
36	26	25	50
36	27	180	361
36	28	204	408
36	29	178	357
36	30	148	297
36	31	131	263
36	32	180	361
36	33	5	10
36	34	44	87
36	35	49	97
36	36	0	0
36	37	38	76
36	38	5	10
36	39	140	282
36	40	286	573
36	41	140	282
36	42	157	314
36	43	205	410
36	44	162	324
36	45	154	307
36	46	147	293
36	47	157	314
36	48	160	321
36	49	145	290
36	50	158	317
36	51	160	321
36	52	158	317
36	53	180	361
36	54	164	329
36	55	158	317
36	56	136	273
36	57	196	393
36	58	136	273
36	59	186	372
36	60	179	359
36	61	197	395
36	62	186	372
36	63	135	272
36	64	181	361
36	65	237	475
36	66	135	272
36	67	199	398
36	68	46	92
36	69	73	147
36	70	58	117
36	71	71	143
36	72	48	96
36	73	46	92
36	74	50	101
36	75	132	265
37	0	159	318
37	1	54	109
37	2	132	264
37	3	87	175
37	4	54	109
37	5	210	420
37	6	149	300
37	7	192	384
37	8	210	420
37	9	182	363
37	10	118	236
37	11	223	446
37	12	182	363
37	13	320	640
37	14	182	363
37	15	180	359
37	16	79	159
37	17	182	363
37	18	183	366
37	19	209	417
37	20	208	416
37	21	176	353
37	22	162	325
37	23	183	366
37	24	45	91
37	25	134	268
37	26	45	91
37	27	200	401
37	28	228	457
37	29	197	394
37	30	167	334
37	31	157	315
37	32	200	401
37	33	39	78
37	34	79	158
37	35	63	127
37	36	38	76
37	37	0	0
37	38	39	78
37	39	158	315
37	40	311	624
37	41	158	315
37	42	188	376
37	43	237	475
37	44	193	386
37	45	185	371
37	46	180	360
37	47	188	376
37	48	178	357
37	49	179	358
37	50	172	343
37	51	178	357
37	52	172	343
37	53	171	343
37	54	182	364
37	55	172	343
37	56	158	316
37	57	229	458
37	58	158	316
37	59	181	362
37	60	175	350
37	61	195	391
37	62	181	362
37	63	159	318
37	64	178	358
37	65	257	515
37	66	159	318
37	67	199	400
37	68	66	132
37	69	99	197
37	70	59	117
37	71	92	184
37	72	85	170
37	73	66	132
37	74	67	133
37	75	143	286
38	0	147	295
38	1	69	138
38	2	155	310
38	3	95	191
38	4	69	138
38	5	227	455
38	6	156	313
38	7	194	388
38	8	227	455
38	9	161	322
38	10	106	213
38	11	202	403
38	12	161	322
38	13	316	632
38	14	181	362
38	15	178	356
38	16	92	185
38	17	181	362
38	18	166	333
38	19	201	403
38	20	185	371
38	21	151	302
38	22	137	275
38	23	166	333
38	24	30	60
38	25	154	308
38	26	30	60
38	27	184	370
38	28	207	415
38	29	183	366
38	30	153	306
38	31	135	270
38	32	184	370
38	33	0	0
38	34	41	81
38	35	54	107
38	36	5	10
38	37	39	78
38	38	0	0
38	39	145	291
38	40	290	580
38	41	145	291
38	42	160	319
38	43	207	414
38	44	165	329
38	45	156	312
38	46	149	297
38	47	160	319
38	48	165	330
38	49	147	294
38	50	163	326
38	51	165	330
38	52	163	326
38	53	185	371
38	54	169	338
38	55	163	326
38	56	140	282
38	57	199	397
38	58	140	282
38	59	191	382
38	60	184	369
38	61	202	405
38	62	191	382
38	63	139	280
38	64	186	371
38	65	241	484
38	66	139	280
38	67	204	408
38	68	51	101
38	69	77	155
38	70	63	127
38	71	76	152
38	72	46	92
38	73	51	101
38	74	55	111
38	75	137	275
39	0	3	5
39	1	113	226
39	2	135	269
39	3	86	173
39	4	113	226
39	5	154	308
39	6	74	148
39	7	76	152
39	8	154	308
39	9	43	87
39	10	40	80
39	11	77	154
39	12	43	87
39	13	174	347
39	14	59	117
39	15	52	104
39	16	98	197
39	17	59	117
39	18	30	61
39	19	59	118
39	20	69	138
39	21	62	124
39	22	55	110
39	23	30	61
39	24	118	235
39	25	123	246
39	26	118	235
39	27	44	89
39	28	80	162
39	29	40	79
39	30	12	24
39	31	44	87
39	32	44	89
39	33	145	291
39	34	155	310
39	35	95	190
39	36	140	282
39	37	158	315
39	38	145	291
39	39	0	0
39	40	161	323
39	41	0	0
39	42	82	163
39	43	126	253
39	44	84	169
39	45	87	173
39	46	94	189
39	47	82	163
39	48	21	42
39	49	97	195
39	50	22	44
39	51	21	42
39	52	22	44
39	53	114	228
39	54	24	49
39	55	22	44
39	56	22	44
39	57	118	237
39	58	22	44
39	59	103	206
39	60	94	189
39	61	97	194
39	62	103	206
39	63	29	57
39	64	86	173
39	65	100	200
39	66	29	57
39	67	89	178
39	68	96	191
39	69	70	141
39	70	101	203
39	71	69	139
39	72	147	295
39	73	96	191
39	74	92	185
39	75	29	57
40	0	161	322
40	1	273	546
40	2	287	574
40	3	247	495
40	4	273	546
40	5	273	545
40	6	219	438
40	7	189	378
40	8	273	545
40	9	130	261
40	10	197	394
40	11	89	178
40	12	130	261
40	13	153	305
40	14	181	361
40	15	176	351
40	16	259	519
40	17	181	361
40	18	132	264
40	19	141	282
40	20	105	209
40	21	139	279
40	22	153	305
40	23	132	264
40	24	267	535
40	25	274	548
40	26	267	535
40	27	117	235
40	28	83	167
40	29	124	248
40	30	150	300
40	31	155	311
40	32	117	235
40	33	290	580
40	34	282	565
40	35	248	497
40	36	286	573
40	37	311	624
40	38	290	580
40	39	161	323
40	40	0	0
40	41	161	323
40	42	136	272
40	43	110	219
40	44	132	263
40	45	142	285
40	46	154	309
40	47	136	272
40	48	141	282
40	49	158	316
40	50	158	317
40	51	141	282
40	52	158	317
40	53	248	495
40	54	140	280
40	55	158	317
40	56	154	309
40	57	113	227
40	58	154	309
40	59	229	459
40	60	224	448
40	61	210	421
40	62	229	459
40	63	153	306
40	64	212	424
40	65	74	147
40	66	153	306
40	67	197	394
40	68	246	492
40	69	214	428
40	70	260	520
40	71	220	440
40	72	272	545
40	73	246	492
40	74	245	491
40	75	187	373
41	0	3	5
41	1	113	226
41	2	135	269
41	3	86	173
41	4	113	226
41	5	154	308
41	6	74	148
41	7	76	152
41	8	154	308
41	9	43	87
41	10	40	80
41	11	77	154
41	12	43	87
41	13	174	347
41	14	59	117
41	15	52	104
41	16	98	197
41	17	59	117
41	18	30	61
41	19	59	118
41	20	69	138
41	21	62	124
41	22	55	110
41	23	30	61
41	24	118	235
41	25	123	246
41	26	118	235
41	27	44	89
41	28	80	162
41	29	40	79
41	30	12	24
41	31	44	87
41	32	44	89
41	33	145	291
41	34	155	310
41	35	95	190
41	36	140	282
41	37	158	315
41	38	145	291
41	39	0	0
41	40	161	323
41	41	0	0
41	42	82	163
41	43	126	253
41	44	84	169
41	45	87	173
41	46	94	189
41	47	82	163
41	48	21	42
41	49	97	195
41	50	22	44
41	51	21	42
41	52	22	44
41	53	114	228
41	54	24	49
41	55	22	44
41	56	22	44
41	57	118	237
41	58	22	44
41	59	103	206
41	60	94	189
41	61	97	194
41	62	103	206
41	63	29	57
41	64	86	173
41	65	100	200
41	66	29	57
41	67	89	178
41	68	96	191
41	69	70	141
41	70	101	203
41	71	69	139
41	72	147	295
41	73	96	191
41	74	92	185
41	75	29	57
42	0	84	167
42	1	162	325
42	2	210	420
42	3	148	296
42	4	162	325
42	5	235	471
42	6	155	309
42	7	154	309
42	8	235	471
42	9	43	86
42	10	93	186
42	11	58	116
42	12	43	86
42	13	217	434
42	14	137	275
42	15	130	261
42	16	158	317
42	17	137	275
42	18	64	128
42	19	120	241
42	20	41	82
42	21	20	39
42	22	31	62
42	23	64	128
42	24	143	286
42	25	200	399
42	26	143	286
42	27	74	148
42	28	64	128
42	29	80	161
42	30	73	147
42	31	42	84
42	32	74	148
42	33	160	319
42	34	147	295
42	35	129	258
42	36	157	314
42	37	188	376
42	38	160	319
42	39	82	163
42	40	136	272
42	41	82	163
42	42	0	0
42	43	52	103
42	44	5	10
42	45	8	16
42	46	22	43
42	47	0	0
42	48	77	154
42	49	26	52
42	50	99	198
42	51	77	154
42	52	99	198
42	53	195	390
42	54	82	165
42	55	99	198
42	56	60	120
42	57	43	85
42	58	60	120
42	59	184	368
42	60	176	352
42	61	176	354
42	62	184	368
42	63	54	107
42	64	167	335
42	65	112	224
42	66	54	107
42	67	167	335
42	68	124	248
42	69	91	183
42	70	147	294
42	71	102	203
42	72	137	274
42	73	124	248
42	74	125	251
42	75	108	215
43	0	128	256
43	1	214	428
43	2	259	518
43	3	199	398
43	4	214	428
43	5	276	554
43	6	200	400
43	7	192	384
43	8	276	554
43	9	83	166
43	10	144	287
43	11	68	137
43	12	83	166
43	13	226	453
43	14	176	353
43	15	169	339
43	16	210	419
43	17	176	353
43	18	101	203
43	19	150	301
43	20	63	125
43	21	69	137
43	22	82	164
43	23	101	203
43	24	192	385
43	25	248	496
43	26	192	385
43	27	103	206
43	28	71	143
43	29	112	223
43	30	116	232
43	31	92	183
43	32	103	206
43	33	207	414
43	34	189	378
43	35	180	360
43	36	205	410
43	37	237	475
43	38	207	414
43	39	126	253
43	40	110	219
43	41	126	253
43	42	52	103
43	43	0	0
43	44	47	94
43	45	52	105
43	46	58	117
43	47	52	103
43	48	115	232
43	49	60	121
43	50	138	278
43	51	115	232
43	52	138	278
43	53	239	478
43	54	119	239
43	55	138	278
43	56	107	214
43	57	9	18
43	58	107	214
43	59	225	452
43	60	217	436
43	61	215	431
43	62	225	452
43	63	101	202
43	64	208	417
43	65	117	234
43	66	101	202
43	67	204	409
43	68	174	349
43	69	142	285
43	70	198	397
43	71	153	306
43	72	178	357
43	73	174	349
43	74	176	353
43	75	154	309
44	0	86	173
44	1	167	334
44	2	214	428
44	3	152	305
44	4	167	334
44	5	238	476
44	6	158	316
44	7	156	313
44	8	238	476
44	9	44	89
44	10	97	194
44	11	56	111
44	12	44	89
44	13	216	432
44	14	139	279
44	15	132	265
44	16	163	326
44	17	139	279
44	18	65	131
44	19	121	242
44	20	39	79
44	21	23	46
44	22	35	70
44	23	65	131
44	24	148	295
44	25	203	407
44	26	148	295
44	27	74	149
44	28	61	123
44	29	81	162
44	30	76	152
44	31	46	92
44	32	74	149
44	33	165	329
44	34	152	304
44	35	134	267
44	36	162	324
44	37	193	386
44	38	165	329
44	39	84	169
44	40	132	263
44	41	84	169
44	42	5	10
44	43	47	94
44	44	0	0
44	45	11	22
44	46	24	48
44	47	5	10
44	48	79	158
44	49	28	57
44	50	101	202
44	51	79	158
44	52	101	202
44	53	198	396
44	54	83	168
44	55	101	202
44	56	63	127
44	57	38	76
44	58	63	127
44	59	187	374
44	60	178	357
44	61	178	358
44	62	187	374
44	63	57	114
44	64	170	340
44	65	110	221
44	66	57	114
44	67	169	339
44	68	129	258
44	69	96	192
44	70	151	303
44	71	106	213
44	72	141	283
44	73	129	258
44	74	130	260
44	75	111	222
45	0	89	178
45	1	162	324
45	2	213	426
45	3	149	299
45	4	162	324
45	5	240	481
45	6	159	318
45	7	160	321
45	8	240	481
45	9	50	99
45	10	95	190
45	11	66	132
45	12	50	99
45	13	225	450
45	14	143	286
45	15	136	272
45	16	159	319
45	17	143	286
45	18	71	142
45	19	128	255
45	20	49	98
45	21	25	50
45	22	33	67
45	23	71	142
45	24	140	281
45	25	202	405
45	26	140	281
45	27	82	164
45	28	72	144
45	29	88	176
45	30	79	158
45	31	45	90
45	32	82	164
45	33	156	312
45	34	142	284
45	35	128	255
45	36	154	307
45	37	185	371
45	38	156	312
45	39	87	173
45	40	142	285
45	41	87	173
45	42	8	16
45	43	52	105
45	44	11	22
45	45	0	0
45	46	14	27
45	47	8	16
45	48	84	167
45	49	18	36
45	50	105	209
45	51	84	167
45	52	105	209
45	53	200	400
45	54	89	178
45	55	105	209
45	56	65	130
45	57	44	87
45	58	65	130
45	59	189	379
45	60	181	362
45	61	182	365
45	62	189	379
45	63	58	117
45	64	173	346
45	65	120	240
45	66	58	117
45	67	173	347
45	68	122	244
45	69	90	180
45	70	146	293
45	71	101	202
45	72	131	263
45	73	122	244
45	74	124	248
45	75	112	224
46	0	97	194
46	1	160	320
46	2	216	432
46	3	150	301
46	4	160	320
46	5	248	496
46	6	165	331
46	7	169	340
46	8	248	496
46	9	61	122
46	10	98	195
46	11	79	159
46	12	61	122
46	13	239	477
46	14	152	305
46	15	145	291
46	16	160	320
46	17	152	305
46	18	82	164
46	19	139	278
46	20	63	125
46	21	35	71
46	22	39	79
46	23	82	164
46	24	135	270
46	25	206	413
46	26	135	270
46	27	94	188
46	28	85	171
46	29	100	200
46	30	88	177
46	31	51	103
46	32	94	188
46	33	149	297
46	34	132	264
46	35	125	250
46	36	147	293
46	37	180	360
46	38	149	297
46	39	94	189
46	40	154	309
46	41	94	189
46	42	22	43
46	43	58	117
46	44	24	48
46	45	14	27
46	46	0	0
46	47	22	43
46	48	94	188
46	49	4	9
46	50	114	228
46	51	94	188
46	52	114	228
46	53	206	413
46	54	99	199
46	55	114	228
46	56	73	146
46	57	50	100
46	58	73	146
46	59	197	394
46	60	188	377
46	61	191	383
46	62	197	394
46	63	66	132
46	64	180	362
46	65	134	267
46	66	66	132
46	67	182	366
46	68	119	237
46	69	88	175
46	70	145	289
46	71	100	199
46	72	121	243
46	73	119	237
46	74	121	243
46	75	118	237
47	0	84	167
47	1	162	325
47	2	210	420
47	3	148	296
47	4	162	325
47	5	235	471
47	6	155	309
47	7	154	309
47	8	235	471
47	9	43	86
47	10	93	186
47	11	58	116
47	12	43	86
47	13	217	434
47	14	137	275
47	15	130	261
47	16	158	317
47	17	137	275
47	18	64	128
47	19	120	241
47	20	41	82
47	21	20	39
47	22	31	62
47	23	64	128
47	24	143	286
47	25	200	399
47	26	143	286
47	27	74	148
47	28	64	128
47	29	80	161
47	30	73	147
47	31	42	84
47	32	74	148
47	33	160	319
47	34	147	295
47	35	129	258
47	36	157	314
47	37	188	376
47	38	160	319
47	39	82	163
47	40	136	272
47	41	82	163
47	42	0	0
47	43	52	103
47	44	5	10
47	45	8	16
47	46	22	43
47	47	0	0
47	48	77	154
47	49	26	52
47	50	99	198
47	51	77	154
47	52	99	198
47	53	195	390
47	54	82	165
47	55	99	198
47	56	60	120
47	57	43	85
47	58	60	120
47	59	184	368
47	60	176	352
47	61	176	354
47	62	184	368
47	63	54	107
47	64	167	335
47	65	112	224
47	66	54	107
47	67	167	335
47	68	124	248
47	69	91	183
47	70	147	294
47	71	102	203
47	72	137	274
47	73	124	248
47	74	125	251
47	75	108	215
48	0	20	41
48	1	134	268
48	2	151	302
48	3	107	214
48	4	134	268
48	5	161	323
48	6	87	173
48	7	78	155
48	8	161	323
48	9	35	69
48	10	60	121
48	11	59	119
48	12	35	69
48	13	158	317
48	14	61	122
48	15	54	108
48	16	119	238
48	17	61	122
48	18	14	29
48	19	47	94
48	20	55	109
48	21	59	118
48	22	57	114
48	23	14	29
48	24	137	275
48	25	139	278
48	26	137	275
48	27	24	47
48	28	62	124
48	29	19	37
48	30	12	24
48	31	48	95
48	32	24	47
48	33	165	330
48	34	171	343
48	35	115	231
48	36	160	321
48	37	178	357
48	38	165	330
48	39	21	42
48	40	141	282
48	41	21	42
48	42	77	154
48	43	115	232
48	44	79	158
48	45	84	167
48	46	94	188
48	47	77	154
48	48	0	0
48	49	98	195
48	50	23	47
48	51	0	0
48	52	23	47
48	53	124	248
48	54	6	12
48	55	23	47
48	56	28	56
48	57	108	217
48	58	28	56
48	59	110	221
48	60	102	205
48	61	100	201
48	62	110	221
48	63	33	66
48	64	93	186
48	65	79	158
48	66	33	66
48	67	90	181
48	68	115	231
48	69	88	177
48	70	122	245
48	71	89	178
48	72	163	327
48	73	115	231
48	74	113	225
48	75	46	93
49	0	100	200
49	1	160	321
49	2	218	435
49	3	151	303
49	4	160	321
49	5	251	501
49	6	168	336
49	7	173	346
49	8	251	501
49	9	65	130
49	10	99	198
49	11	83	167
49	12	65	130
49	13	243	485
49	14	156	311
49	15	149	297
49	16	161	321
49	17	156	311
49	18	86	172
49	19	143	286
49	20	67	134
49	21	39	78
49	22	42	85
49	23	86	172
49	24	134	269
49	25	208	416
49	26	134	269
49	27	98	196
49	28	89	179
49	29	104	207
49	30	92	183
49	31	54	108
49	32	98	196
49	33	147	294
49	34	129	258
49	35	125	249
49	36	145	290
49	37	179	358
49	38	147	294
49	39	97	195
49	40	158	316
49	41	97	195
49	42	26	52
49	43	60	121
49	44	28	57
49	45	18	36
49	46	4	9
49	47	26	52
49	48	98	195
49	49	0	0
49	50	117	234
49	51	98	195
49	52	117	234
49	53	209	418
49	54	103	206
49	55	117	234
49	56	76	152
49	57	52	105
49	58	76	152
49	59	200	399
49	60	191	382
49	61	194	389
49	62	200	399
49	63	69	138
49	64	183	367
49	65	138	276
49	66	69	138
49	67	186	372
49	68	118	236
49	69	88	176
49	70	145	289
49	71	100	200
49	72	119	237
49	73	118	236
49	74	121	242
49	75	121	242
50	0	20	39
50	1	123	246
50	2	130	260
50	3	93	186
50	4	123	246
50	5	138	276
50	6	64	128
50	7	56	112
50	8	138	276
50	9	57	114
50	10	57	114
50	11	82	163
50	12	57	114
50	13	153	307
50	14	39	77
50	15	32	63
50	16	105	210
50	17	39	77
50	18	37	75
50	19	38	77
50	20	78	156
50	21	80	159
50	22	75	151
50	23	37	75
50	24	134	268
50	25	117	235
50	26	134	268
50	27	43	86
50	28	84	167
50	29	35	70
50	30	26	51
50	31	64	128
50	32	43	86
50	33	163	326
50	34	175	350
50	35	111	222
50	36	158	317
50	37	172	343
50	38	163	326
50	39	22	44
50	40	158	317
50	41	22	44
50	42	99	198
50	43	138	278
50	44	101	202
50	45	105	209
50	46	114	228
50	47	99	198
50	48	23	47
50	49	117	234
50	50	0	0
50	51	23	47
50	52	0	0
50	53	101	201
50	54	21	41
50	55	0	0
50	56	42	84
50	57	131	264
50	58	42	84
50	59	87	174
50	60	79	158
50	61	78	156
50	62	87	174
50	63	49	98
50	64	70	139
50	65	91	182
50	66	49	98
50	67	69	138
50	68	113	225
50	69	91	181
50	70	114	227
50	71	88	175
50	72	168	337
50	73	113	225
50	74	109	217
50	75	30	61
51	0	20	41
51	1	134	268
51	2	151	302
51	3	107	214
51	4	134	268
51	5	161	323
51	6	87	173
51	7	78	155
51	8	161	323
51	9	35	69
51	10	60	121
51	11	59	119
51	12	35	69
51	13	158	317
51	14	61	122
51	15	54	108
51	16	119	238
51	17	61	122
51	18	14	29
51	19	47	94
51	20	55	109
51	21	59	118
51	22	57	114
51	23	14	29
51	24	137	275
51	25	139	278
51	26	137	275
51	27	24	47
51	28	62	124
51	29	19	37
51	30	12	24
51	31	48	95
51	32	24	47
51	33	165	330
51	34	171	343
51	35	115	231
51	36	160	321
51	37	178	357
51	38	165	330
51	39	21	42
51	40	141	282
51	41	21	42
51	42	77	154
51	43	115	232
51	44	79	158
51	45	84	167
51	46	94	188
51	47	77	154
51	48	0	0
51	49	98	195
51	50	23	47
51	51	0	0
51	52	23	47
51	53	124	248
51	54	6	12
51	55	23	47
51	56	28	56
51	57	108	217
51	58	28	56
51	59	110	221
51	60	102	205
51	61	100	201
51	62	110	221
51	63	33	66
51	64	93	186
51	65	79	158
51	66	33	66
51	67	90	181
51	68	115	231
51	69	88	177
51	70	122	245
51	71	89	178
51	72	163	327
51	73	115	231
51	74	113	225
51	75	46	93
52	0	20	39
52	1	123	246
52	2	130	260
52	3	93	186
52	4	123	246
52	5	138	276
52	6	64	128
52	7	56	112
52	8	138	276
52	9	57	114
52	10	57	114
52	11	82	163
52	12	57	114
52	13	153	307
52	14	39	77
52	15	32	63
52	16	105	210
52	17	39	77
52	18	37	75
52	19	38	77
52	20	78	156
52	21	80	159
52	22	75	151
52	23	37	75
52	24	134	268
52	25	117	235
52	26	134	268
52	27	43	86
52	28	84	167
52	29	35	70
52	30	26	51
52	31	64	128
52	32	43	86
52	33	163	326
52	34	175	350
52	35	111	222
52	36	158	317
52	37	172	343
52	38	163	326
52	39	22	44
52	40	158	317
52	41	22	44
52	42	99	198
52	43	138	278
52	44	101	202
52	45	105	209
52	46	114	228
52	47	99	198
52	48	23	47
52	49	117	234
52	50	0	0
52	51	23	47
52	52	0	0
52	53	101	201
52	54	21	41
52	55	0	0
52	56	42	84
52	57	131	264
52	58	42	84
52	59	87	174
52	60	79	158
52	61	78	156
52	62	87	174
52	63	49	98
52	64	70	139
52	65	91	182
52	66	49	98
52	67	69	138
52	68	113	225
52	69	91	181
52	70	114	227
52	71	88	175
52	72	168	337
52	73	113	225
52	74	109	217
52	75	30	61
53	0	112	224
53	1	118	237
53	2	55	109
53	3	90	180
53	4	118	237
53	5	45	89
53	6	41	82
53	7	59	119
53	8	45	89
53	9	156	313
53	10	115	230
53	11	181	362
53	12	156	313
53	13	179	358
53	14	68	136
53	15	74	148
53	16	94	187
53	17	68	136
53	18	138	276
53	19	107	213
53	20	179	357
53	21	176	351
53	22	167	334
53	23	138	276
53	24	157	314
53	25	44	88
53	26	157	314
53	27	142	284
53	28	182	365
53	29	133	266
53	30	123	247
53	31	155	310
53	32	142	284
53	33	185	371
53	34	215	431
53	35	137	274
53	36	180	361
53	37	171	343
53	38	185	371
53	39	114	228
53	40	248	495
53	41	114	228
53	42	195	390
53	43	239	478
53	44	198	396
53	45	200	400
53	46	206	413
53	47	195	390
53	48	124	248
53	49	209	418
53	50	101	201
53	51	124	248
53	52	101	201
53	53	0	0
53	54	121	242
53	55	101	201
53	56	135	270
53	57	231	463
53	58	135	270
53	59	20	40
53	60	24	48
53	61	42	85
53	62	20	40
53	63	142	283
53	64	36	71
53	65	175	349
53	66	142	283
53	67	55	110
53	68	144	288
53	69	145	290
53	70	122	244
53	71	134	268
53	72	213	426
53	73	144	288
53	74	137	275
53	75	88	176
54	0	23	46
54	1	137	273
54	2	150	300
54	3	109	217
54	4	137	273
54	5	158	315
54	6	85	169
54	7	73	146
54	8	158	315
54	9	39	79
54	10	64	128
54	11	61	122
54	12	39	79
54	13	153	305
54	14	57	114
54	15	50	100
54	16	120	241
54	17	57	114
54	18	18	37
54	19	41	82
54	20	58	115
54	21	64	129
54	22	63	126
54	23	18	37
54	24	142	284
54	25	138	275
54	26	142	284
54	27	23	46
54	28	63	126
54	29	16	32
54	30	17	34
54	31	54	107
54	32	23	46
54	33	169	338
54	34	177	353
54	35	119	239
54	36	164	329
54	37	182	364
54	38	169	338
54	39	24	49
54	40	140	280
54	41	24	49
54	42	82	165
54	43	119	239
54	44	83	168
54	45	89	178
54	46	99	199
54	47	82	165
54	48	6	12
54	49	103	206
54	50	21	41
54	51	6	12
54	52	21	41
54	53	121	242
54	54	0	0
54	55	21	41
54	56	34	67
54	57	112	225
54	58	34	67
54	59	107	214
54	60	99	199
54	61	96	192
54	62	107	214
54	63	39	78
54	64	89	178
54	65	76	152
54	66	39	78
54	67	86	172
54	68	120	239
54	69	93	186
54	70	125	251
54	71	93	187
54	72	169	338
54	73	120	239
54	74	116	233
54	75	47	94
55	0	20	39
55	1	123	246
55	2	130	260
55	3	93	186
55	4	123	246
55	5	138	276
55	6	64	128
55	7	56	112
55	8	138	276
55	9	57	114
55	10	57	114
55	11	82	163
55	12	57	114
55	13	153	307
55	14	39	77
55	15	32	63
55	16	105	210
55	17	39	77
55	18	37	75
55	19	38	77
55	20	78	156
55	21	80	159
55	22	75	151
55	23	37	75
55	24	134	268
55	25	117	235
55	26	134	268
55	27	43	86
55	28	84	167
55	29	35	70
55	30	26	51
55	31	64	128
55	32	43	86
55	33	163	326
55	34	175	350
55	35	111	222
55	36	158	317
55	37	172	343
55	38	163	326
55	39	22	44
55	40	158	317
55	41	22	44
55	42	99	198
55	43	138	278
55	44	101	202
55	45	105	209
55	46	114	228
55	47	99	198
55	48	23	47
55	49	117	234
55	50	0	0
55	51	23	47
55	52	0	0
55	53	101	201
55	54	21	41
55	55	0	0
55	56	42	84
55	57	131	264
55	58	42	84
55	59	87	174
55	60	79	158
55	61	78	156
55	62	87	174
55	63	49	98
55	64	70	139
55	65	91	182
55	66	49	98
55	67	69	138
55	68	113	225
55	69	91	181
55	70	114	227
55	71	88	175
55	72	168	337
55	73	113	225
55	74	109	217
55	75	30	61
56	0	24	49
56	1	119	238
56	2	152	305
56	3	97	194
56	4	119	238
56	5	176	351
56	6	95	189
56	7	97	195
56	8	176	351
56	9	27	53
56	10	43	86
56	11	67	133
56	12	27	53
56	13	186	372
56	14	80	160
56	15	73	147
56	16	109	217
56	17	80	160
56	18	26	52
56	19	74	149
56	20	55	109
56	21	41	81
56	22	34	67
56	23	26	52
56	24	115	231
56	25	141	282
56	26	115	231
56	27	44	88
56	28	71	143
56	29	44	87
56	30	18	35
56	31	22	44
56	32	44	88
56	33	140	282
56	34	145	289
56	35	95	190
56	36	136	273
56	37	158	316
56	38	140	282
56	39	22	44
56	40	154	309
56	41	22	44
56	42	60	120
56	43	107	214
56	44	63	127
56	45	65	130
56	46	73	146
56	47	60	120
56	48	28	56
56	49	76	152
56	50	42	84
56	51	28	56
56	52	42	84
56	53	135	270
56	54	34	67
56	55	42	84
56	56	0	0
56	57	99	197
56	58	0	0
56	59	125	249
56	60	116	232
56	61	118	237
56	62	125	249
56	63	7	14
56	64	108	216
56	65	101	202
56	66	7	14
56	67	110	221
56	68	93	187
56	69	63	127
56	70	106	212
56	71	67	133
56	72	136	273
56	73	93	187
56	74	92	183
56	75	48	96
57	0	120	240
57	1	205	410
57	2	251	502
57	3	190	381
57	4	205	410
57	5	269	540
57	6	192	384
57	7	185	371
57	8	269	540
57	9	75	151
57	10	135	270
57	11	64	128
57	12	75	151
57	13	224	449
57	14	169	339
57	15	162	325
57	16	201	402
57	17	169	339
57	18	94	189
57	19	145	289
57	20	57	113
57	21	60	120
57	22	73	146
57	23	94	189
57	24	184	368
57	25	240	479
57	26	184	368
57	27	97	194
57	28	68	136
57	29	105	211
57	30	108	217
57	31	83	166
57	32	97	194
57	33	199	397
57	34	181	363
57	35	172	342
57	36	196	393
57	37	229	458
57	38	199	397
57	39	118	237
57	40	113	227
57	41	118	237
57	42	43	85
57	43	9	18
57	44	38	76
57	45	44	87
57	46	50	100
57	47	43	85
57	48	108	217
57	49	52	105
57	50	131	264
57	51	108	217
57	52	131	264
57	53	231	463
57	54	112	225
57	55	131	264
57	56	99	197
57	57	0	0
57	58	99	197
57	59	218	438
57	60	210	422
57	61	208	417
57	62	218	438
57	63	93	186
57	64	201	403
57	65	115	230
57	66	93	186
57	67	198	396
57	68	166	331
57	69	134	267
57	70	189	379
57	71	144	288
57	72	171	342
57	73	166	331
57	74	168	335
57	75	146	293
58	0	24	49
58	1	119	238
58	2	152	305
58	3	97	194
58	4	119	238
58	5	176	351
58	6	95	189
58	7	97	195
58	8	176	351
58	9	27	53
58	10	43	86
58	11	67	133
58	12	27	53
58	13	186	372
58	14	80	160
58	15	73	147
58	16	109	217
58	17	80	160
58	18	26	52
58	19	74	149
58	20	55	109
58	21	41	81
58	22	34	67
58	23	26	52
58	24	115	231
58	25	141	282
58	26	115	231
58	27	44	88
58	28	71	143
58	29	44	87
58	30	18	35
58	31	22	44
58	32	44	88
58	33	140	282
58	34	145	289
58	35	95	190
58	36	136	273
58	37	158	316
58	38	140	282
58	39	22	44
58	40	154	309
58	41	22	44
58	42	60	120
58	43	107	214
58	44	63	127
58	45	65	130
58	46	73	146
58	47	60	120
58	48	28	56
58	49	76	152
58	50	42	84
58	51	28	56
58	52	42	84
58	53	135	270
58	54	34	67
58	55	42	84
58	56	0	0
58	57	99	197
58	58	0	0
58	59	125	249
58	60	116	232
58	61	118	237
58	62	125	249
58	63	7	14
58	64	108	216
58	65	101	202
58	66	7	14
58	67	110	221
58	68	93	187
58	69	63	127
58	70	106	212
58	71	67	133
58	72	136	273
58	73	93	187
58	74	92	183
58	75	48	96
59	0	101	201
59	1	127	254
59	2	73	146
59	3	96	192
59	4	127	254
59	5	51	103
59	6	37	74
59	7	40	81
59	8	51	103
59	9	144	288
59	10	111	221
59	11	165	332
59	12	144	288
59	13	160	320
59	14	51	103
59	15	58	116
59	16	102	203
59	17	51	103
59	18	124	249
59	19	88	177
59	20	165	329
59	21	165	329
59	22	158	315
59	23	124	249
59	24	162	324
59	25	61	122
59	26	162	324
59	27	126	253
59	28	166	333
59	29	117	235
59	30	111	223
59	31	146	291
59	32	126	253
59	33	191	382
59	34	218	437
59	35	140	281
59	36	186	372
59	37	181	362
59	38	191	382
59	39	103	206
59	40	229	459
59	41	103	206
59	42	184	368
59	43	225	452
59	44	187	374
59	45	189	379
59	46	197	394
59	47	184	368
59	48	110	221
59	49	200	399
59	50	87	174
59	51	110	221
59	52	87	174
59	53	20	40
59	54	107	214
59	55	87	174
59	56	125	249
59	57	218	438
59	58	125	249
59	59	0	0
59	60	9	17
59	61	23	45
59	62	0	0
59	63	131	263
59	64	18	36
59	65	156	312
59	66	131	263
59	67	35	70
59	68	147	294
59	69	143	287
59	70	128	256
59	71	133	267
59	72	215	430
59	73	147	294
59	74	140	281
59	75	80	159
60	0	92	185
60	1	121	242
60	2	73	146
60	3	89	179
60	4	121	242
60	5	60	119
60	6	29	58
60	7	36	72
60	8	60	119
60	9	136	272
60	10	102	204
60	11	158	317
60	12	136	272
60	13	160	321
60	14	45	89
60	15	51	101
60	16	96	191
60	17	45	89
60	18	116	233
60	19	83	166
60	20	157	314
60	21	156	313
60	22	149	298
60	23	116	233
60	24	155	310
60	25	60	121
60	26	155	310
60	27	119	238
60	28	159	319
60	29	110	221
60	30	103	206
60	31	137	274
60	32	119	238
60	33	184	369
60	34	211	422
60	35	133	266
60	36	179	359
60	37	175	350
60	38	184	369
60	39	94	189
60	40	224	448
60	41	94	189
60	42	176	352
60	43	217	436
60	44	178	357
60	45	181	362
60	46	188	377
60	47	176	352
60	48	102	205
60	49	191	382
60	50	79	158
60	51	102	205
60	52	79	158
60	53	24	48
60	54	99	199
60	55	79	158
60	56	116	232
60	57	210	422
60	58	116	232
60	59	9	17
60	60	0	0
60	61	23	46
60	62	9	17
60	63	123	246
60	64	12	24
60	65	151	302
60	66	123	246
60	67	33	66
60	68	139	279
60	69	135	270
60	70	121	243
60	71	125	251
60	72	207	415
60	73	139	279
60	74	133	266
60	75	71	142
61	0	94	189
61	1	141	283
61	2	95	190
61	3	109	218
61	4	141	283
61	5	64	127
61	6	46	93
61	7	23	47
61	8	64	127
61	9	134	270
61	10	113	225
61	11	152	304
61	12	134	270
61	13	138	275
61	14	39	79
61	15	46	93
61	16	116	232
61	17	39	79
61	18	114	229
61	19	71	142
61	20	153	306
61	21	157	315
61	22	152	304
61	23	114	229
61	24	173	345
61	25	83	166
61	26	173	345
61	27	113	226
61	28	152	304
61	29	104	209
61	30	103	207
61	31	140	281
61	32	113	226
61	33	202	405
61	34	227	453
61	35	150	300
61	36	197	395
61	37	195	391
61	38	202	405
61	39	97	194
61	40	210	421
61	41	97	194
61	42	176	354
61	43	215	431
61	44	178	358
61	45	182	365
61	46	191	383
61	47	176	354
61	48	100	201
61	49	194	389
61	50	78	156
61	51	100	201
61	52	78	156
61	53	42	85
61	54	96	192
61	55	78	156
61	56	118	237
61	57	208	417
61	58	118	237
61	59	23	45
61	60	23	46
61	61	0	0
61	62	23	45
61	63	125	251
61	64	17	34
61	65	136	274
61	66	125	251
61	67	13	27
61	68	156	311
61	69	147	295
61	70	140	281
61	71	139	278
61	72	222	445
61	73	156	311
61	74	149	299
61	75	79	157
62	0	101	201
62	1	127	254
62	2	73	146
62	3	96	192
62	4	127	254
62	5	51	103
62	6	37	74
62	7	40	81
62	8	51	103
62	9	144	288
62	10	111	221
62	11	165	332
62	12	144	288
62	13	160	320
62	14	51	103
62	15	58	116
62	16	102	203
62	17	51	103
62	18	124	249
62	19	88	177
62	20	165	329
62	21	165	329
62	22	158	315
62	23	124	249
62	24	162	324
62	25	61	122
62	26	162	324
62	27	126	253
62	28	166	333
62	29	117	235
62	30	111	223
62	31	146	291
62	32	126	253
62	33	191	382
62	34	218	437
62	35	140	281
62	36	186	372
62	37	181	362
62	38	191	382
62	39	103	206
62	40	229	459
62	41	103	206
62	42	184	368
62	43	225	452
62	44	187	374
62	45	189	379
62	46	197	394
62	47	184	368
62	48	110	221
62	49	200	399
62	50	87	174
62	51	110	221
62	52	87	174
62	53	20	40
62	54	107	214
62	55	87	174
62	56	125	249
62	57	218	438
62	58	125	249
62	59	0	0
62	60	9	17
62	61	23	45
62	62	0	0
62	63	131	263
62	64	18	36
62	65	156	312
62	66	131	263
62	67	35	70
62	68	147	294
62	69	143	287
62	70	128	256
62	71	133	267
62	72	215	430
62	73	147	294
62	74	140	281
62	75	80	159
63	0	31	62
63	1	122	243
63	2	158	316
63	3	101	202
63	4	122	243
63	5	182	365
63	6	101	202
63	7	104	209
63	8	182	365
63	9	23	47
63	10	46	92
63	11	65	129
63	12	23	47
63	13	191	381
63	14	87	174
63	15	80	160
63	16	112	224
63	17	87	174
63	18	28	56
63	19	80	160
63	20	51	103
63	21	34	68
63	22	27	53
63	23	28	56
63	24	115	231
63	25	147	294
63	26	115	231
63	27	46	93
63	28	70	140
63	29	47	94
63	30	24	48
63	31	15	31
63	32	46	93
63	33	139	280
63	34	142	283
63	35	96	191
63	36	135	272
63	37	159	318
63	38	139	280
63	39	29	57
63	40	153	306
63	41	29	57
63	42	54	107
63	43	101	202
63	44	57	114
63	45	58	117
63	46	66	132
63	47	54	107
63	48	33	66
63	49	69	138
63	50	49	98
63	51	33	66
63	52	49	98
63	53	142	283
63	54	39	78
63	55	49	98
63	56	7	14
63	57	93	186
63	58	7	14
63	59	131	263
63	60	123	246
63	61	125	251
63	62	131	263
63	63	0	0
63	64	115	230
63	65	103	205
63	66	0	0
63	67	117	235
63	68	93	187
63	69	62	125
63	70	108	216
63	71	67	134
63	72	133	266
63	73	93	187
63	74	92	185
63	75	54	108
64	0	84	168
64	1	124	249
64	2	83	167
64	3	92	184
64	4	124	249
64	5	69	137
64	6	30	59
64	7	24	48
64	8	69	137
64	9	127	253
64	10	98	196
64	11	147	296
64	12	127	253
64	13	151	302
64	14	33	67
64	15	40	80
64	16	99	199
64	17	33	67
64	18	107	214
64	19	71	142
64	20	147	293
64	21	148	296
64	22	141	283
64	23	107	214
64	24	156	312
64	25	71	141
64	26	156	312
64	27	108	217
64	28	148	297
64	29	99	199
64	30	94	188
64	31	130	259
64	32	108	217
64	33	186	371
64	34	210	421
64	35	133	267
64	36	181	361
64	37	178	358
64	38	186	371
64	39	86	173
64	40	212	424
64	41	86	173
64	42	167	335
64	43	208	417
64	44	170	340
64	45	173	346
64	46	180	362
64	47	167	335
64	48	93	186
64	49	183	367
64	50	70	139
64	51	93	186
64	52	70	139
64	53	36	71
64	54	89	178
64	55	70	139
64	56	108	216
64	57	201	403
64	58	108	216
64	59	18	36
64	60	12	24
64	61	17	34
64	62	18	36
64	63	115	230
64	64	0	0
64	65	139	278
64	66	115	230
64	67	23	46
64	68	139	278
64	69	132	264
64	70	124	247
64	71	123	246
64	72	206	413
64	73	139	278
64	74	133	266
64	75	65	130
65	0	99	198
65	1	213	425
65	2	216	431
65	3	184	367
65	4	213	425
65	5	199	399
65	6	148	296
65	7	116	231
65	8	199	399
65	9	85	170
65	10	139	279
65	11	55	110
65	12	85	170
65	13	109	219
65	14	108	216
65	15	104	207
65	16	196	391
65	17	108	216
65	18	75	151
65	19	68	136
65	20	71	142
65	21	105	210
65	22	114	228
65	23	75	151
65	24	216	432
65	25	203	405
65	26	216	432
65	27	57	114
65	28	50	99
65	29	61	121
65	30	90	181
65	31	111	222
65	32	57	114
65	33	241	484
65	34	244	487
65	35	194	389
65	36	237	475
65	37	257	515
65	38	241	484
65	39	100	200
65	40	74	147
65	41	100	200
65	42	112	224
65	43	117	234
65	44	110	221
65	45	120	240
65	46	134	267
65	47	112	224
65	48	79	158
65	49	138	276
65	50	91	182
65	51	79	158
65	52	91	182
65	53	175	349
65	54	76	152
65	55	91	182
65	56	101	202
65	57	115	230
65	58	101	202
65	59	156	312
65	60	151	302
65	61	136	274
65	62	156	312
65	63	103	205
65	64	139	278
65	65	0	0
65	66	103	205
65	67	123	247
65	68	194	387
65	69	164	329
65	70	201	403
65	71	167	334
65	72	235	469
65	73	194	387
65	74	191	383
65	75	121	242
66	0	31	62
66	1	122	243
66	2	158	316
66	3	101	202
66	4	122	243
66	5	182	365
66	6	101	202
66	7	104	209
66	8	182	365
66	9	23	47
66	10	46	92
66	11	65	129
66	12	23	47
66	13	191	381
66	14	87	174
66	15	80	160
66	16	112	224
66	17	87	174
66	18	28	56
66	19	80	160
66	20	51	103
66	21	34	68
66	22	27	53
66	23	28	56
66	24	115	231
66	25	147	294
66	26	115	231
66	27	46	93
66	28	70	140
66	29	47	94
66	30	24	48
66	31	15	31
66	32	46	93
66	33	139	280
66	34	142	283
66	35	96	191
66	36	135	272
66	37	159	318
66	38	139	280
66	39	29	57
66	40	153	306
66	41	29	57
66	42	54	107
66	43	101	202
66	44	57	114
66	45	58	117
66	46	66	132
66	47	54	107
66	48	33	66
66	49	69	138
66	50	49	98
66	51	33	66
66	52	49	98
66	53	142	283
66	54	39	78
66	55	49	98
66	56	7	14
66	57	93	186
66	58	7	14
66	59	131	263
66	60	123	246
66	61	125	251
66	62	131	263
66	63	0	0
66	64	115	230
66	65	103	205
66	66	0	0
66	67	117	235
66	68	93	187
66	69	62	125
66	70	108	216
66	71	67	134
66	72	133	266
66	73	93	187
66	74	92	185
66	75	54	108
67	0	86	173
67	1	145	291
67	2	106	212
67	3	112	225
67	4	145	291
67	5	77	153
67	6	50	101
67	7	13	26
67	8	77	153
67	9	125	250
67	10	109	219
67	11	140	280
67	12	125	250
67	13	128	256
67	14	31	61
67	15	37	75
67	16	120	241
67	17	31	61
67	18	104	208
67	19	58	116
67	20	142	284
67	21	148	297
67	22	144	288
67	23	104	208
67	24	174	348
67	25	93	187
67	26	174	348
67	27	102	203
67	28	140	280
67	29	93	186
67	30	94	189
67	31	132	265
67	32	102	203
67	33	204	408
67	34	226	452
67	35	151	302
67	36	199	398
67	37	199	400
67	38	204	408
67	39	89	178
67	40	197	394
67	41	89	178
67	42	167	335
67	43	204	409
67	44	169	339
67	45	173	347
67	46	182	366
67	47	167	335
67	48	90	181
67	49	186	372
67	50	69	138
67	51	90	181
67	52	69	138
67	53	55	110
67	54	86	172
67	55	69	138
67	56	110	221
67	57	198	396
67	58	110	221
67	59	35	70
67	60	33	66
67	61	13	27
67	62	35	70
67	63	117	235
67	64	23	46
67	65	123	247
67	66	117	235
67	67	0	0
67	68	156	312
67	69	145	290
67	70	143	286
67	71	137	274
67	72	221	442
67	73	156	312
67	74	150	300
67	75	74	149
68	0	97	195
68	1	46	92
68	2	125	250
68	3	56	112
68	4	46	92
68	5	188	376
68	6	111	221
68	7	145	291
68	8	188	376
68	9	116	232
68	10	56	112
68	11	157	315
68	12	116	232
68	13	266	531
68	14	131	263
68	15	128	256
68	16	58	116
68	17	131	263
68	18	119	237
68	19	151	302
68	20	142	285
68	21	111	223
68	22	97	194
68	23	119	237
68	24	22	45
68	25	121	241
68	26	22	45
68	27	137	273
68	28	163	326
68	29	134	267
68	30	104	207
68	31	91	183
68	32	137	273
68	33	51	101
68	34	72	143
68	35	9	17
68	36	46	92
68	37	66	132
68	38	51	101
68	39	96	191
68	40	246	492
68	41	96	191
68	42	124	248
68	43	174	349
68	44	129	258
68	45	122	244
68	46	119	237
68	47	124	248
68	48	115	231
68	49	118	236
68	50	113	225
68	51	115	231
68	52	113	225
68	53	144	288
68	54	120	239
68	55	113	225
68	56	93	187
68	57	166	331
68	58	93	187
68	59	147	294
68	60	139	279
68	61	156	311
68	62	147	294
68	63	93	187
68	64	139	278
68	65	194	387
68	66	93	187
68	67	156	312
68	68	0	0
68	69	33	66
68	70	31	62
68	71	27	54
68	72	69	138
68	73	0	0
68	74	7	14
68	75	87	174
69	0	73	145
69	1	73	145
69	2	139	277
69	3	68	136
69	4	73	145
69	5	190	379
69	6	107	213
69	7	133	266
69	8	190	379
69	9	84	168
69	10	36	71
69	11	125	251
69	12	84	168
69	13	244	488
69	14	117	233
69	15	112	224
69	16	75	151
69	17	117	233
69	18	89	178
69	19	129	258
69	20	110	220
69	21	78	157
69	22	64	128
69	23	89	178
69	24	54	107
69	25	131	263
69	26	54	107
69	27	107	215
69	28	131	262
69	29	106	212
69	30	76	153
69	31	59	118
69	32	107	215
69	33	77	155
69	34	85	169
69	35	38	75
69	36	73	147
69	37	99	197
69	38	77	155
69	39	70	141
69	40	214	428
69	41	70	141
69	42	91	183
69	43	142	285
69	44	96	192
69	45	90	180
69	46	88	175
69	47	91	183
69	48	88	177
69	49	88	176
69	50	91	181
69	51	88	177
69	52	91	181
69	53	145	290
69	54	93	186
69	55	91	181
69	56	63	127
69	57	134	267
69	58	63	127
69	59	143	287
69	60	135	270
69	61	147	295
69	62	143	287
69	63	62	125
69	64	132	264
69	65	164	329
69	66	62	125
69	67	145	290
69	68	33	66
69	69	0	0
69	70	57	114
69	71	13	26
69	72	78	156
69	73	33	66
69	74	34	68
69	75	71	142
70	0	103	205
70	1	16	32
70	2	96	192
70	3	32	64
70	4	16	32
70	5	164	329
70	6	94	188
70	7	134	269
70	8	164	329
70	9	131	262
70	10	63	127
70	11	172	345
70	12	131	262
70	13	261	523
70	14	123	246
70	15	121	242
70	16	30	59
70	17	123	246
70	18	129	258
70	19	150	300
70	20	159	318
70	21	132	264
70	22	118	235
70	23	129	258
70	24	36	71
70	25	93	186
70	26	36	71
70	27	145	291
70	28	177	354
70	29	141	282
70	30	112	224
70	31	110	220
70	32	145	291
70	33	63	127
70	34	96	191
70	35	23	45
70	36	58	117
70	37	59	117
70	38	63	127
70	39	101	203
70	40	260	520
70	41	101	203
70	42	147	294
70	43	198	397
70	44	151	303
70	45	146	293
70	46	145	289
70	47	147	294
70	48	122	245
70	49	145	289
70	50	114	227
70	51	122	245
70	52	114	227
70	53	122	244
70	54	125	251
70	55	114	227
70	56	106	212
70	57	189	379
70	58	106	212
70	59	128	256
70	60	121	243
70	61	140	281
70	62	128	256
70	63	108	216
70	64	124	247
70	65	201	403
70	66	108	216
70	67	143	286
70	68	31	62
70	69	57	114
70	70	0	0
70	71	45	91
70	72	95	190
70	73	31	62
70	74	25	51
70	75	84	169
71	0	71	143
71	1	61	122
71	2	126	251
71	3	55	110
71	4	61	122
71	5	179	357
71	6	97	193
71	7	126	252
71	8	179	357
71	9	90	179
71	10	31	62
71	11	131	262
71	12	90	179
71	13	241	482
71	14	111	221
71	15	106	212
71	16	62	125
71	17	111	221
71	18	92	184
71	19	126	252
71	20	117	233
71	21	87	174
71	22	73	146
71	23	92	184
71	24	49	98
71	25	119	237
71	26	49	98
71	27	110	220
71	28	137	273
71	29	107	214
71	30	77	154
71	31	66	132
71	32	110	220
71	33	76	152
71	34	89	179
71	35	29	58
71	36	71	143
71	37	92	184
71	38	76	152
71	39	69	139
71	40	220	440
71	41	69	139
71	42	102	203
71	43	153	306
71	44	106	213
71	45	101	202
71	46	100	199
71	47	102	203
71	48	89	178
71	49	100	200
71	50	88	175
71	51	89	178
71	52	88	175
71	53	134	268
71	54	93	187
71	55	88	175
71	56	67	133
71	57	144	288
71	58	67	133
71	59	133	267
71	60	125	251
71	61	139	278
71	62	133	267
71	63	67	134
71	64	123	246
71	65	167	334
71	66	67	134
71	67	137	274
71	68	27	54
71	69	13	26
71	70	45	91
71	71	0	0
71	72	84	168
71	73	27	54
71	74	26	51
71	75	65	130
72	0	150	300
72	1	106	212
72	2	191	382
72	3	124	248
72	4	106	212
72	5	257	514
72	6	179	357
72	7	210	420
72	8	257	514
72	9	150	300
72	10	114	227
72	11	187	375
72	12	150	300
72	13	321	642
72	14	194	389
72	15	189	380
72	16	125	249
72	17	194	389
72	18	161	322
72	19	206	413
72	20	170	340
72	21	134	268
72	22	122	244
72	23	161	322
72	24	61	122
72	25	188	376
72	26	61	122
72	27	179	359
72	28	193	387
72	29	180	360
72	30	152	304
72	31	124	247
72	32	179	359
72	33	46	92
72	34	11	21
72	35	76	153
72	36	48	96
72	37	85	170
72	38	46	92
72	39	147	295
72	40	272	545
72	41	147	295
72	42	137	274
72	43	178	357
72	44	141	283
72	45	131	263
72	46	121	243
72	47	137	274
72	48	163	327
72	49	119	237
72	50	168	337
72	51	163	327
72	52	168	337
72	53	213	426
72	54	169	338
72	55	168	337
72	56	136	273
72	57	171	342
72	58	136	273
72	59	215	430
72	60	207	415
72	61	222	445
72	62	215	430
72	63	133	266
72	64	206	413
72	65	235	469
72	66	133	266
72	67	221	442
72	68	69	138
72	69	78	156
72	70	95	190
72	71	84	168
72	72	0	0
72	73	69	138
72	74	76	151
72	75	148	297
73	0	97	195
73	1	46	92
73	2	125	250
73	3	56	112
73	4	46	92
73	5	188	376
73	6	111	221
73	7	145	291
73	8	188	376
73	9	116	232
73	10	56	112
73	11	157	315
73	12	116	232
73	13	266	531
73	14	131	263
73	15	128	256
73	16	58	116
73	17	131	263
73	18	119	237
73	19	151	302
73	20	142	285
73	21	111	223
73	22	97	194
73	23	119	237
73	24	22	45
73	25	121	241
73	26	22	45
73	27	137	273
73	28	163	326
73	29	134	267
73	30	104	207
73	31	91	183
73	32	137	273
73	33	51	101
73	34	72	143
73	35	9	17
73	36	46	92
73	37	66	132
73	38	51	101
73	39	96	191
73	40	246	492
73	41	96	191
73	42	124	248
73	43	174	349
73	44	129	258
73	45	122	244
73	46	119	237
73	47	124	248
73	48	115	231
73	49	118	236
73	50	113	225
73	51	115	231
73	52	113	225
73	53	144	288
73	54	120	239
73	55	113	225
73	56	93	187
73	57	166	331
73	58	93	187
73	59	147	294
73	60	139	279
73	61	156	311
73	62	147	294
73	63	93	187
73	64	139	278
73	65	194	387
73	66	93	187
73	67	156	312
73	68	0	0
73	69	33	66
73	70	31	62
73	71	27	54
73	72	69	138
73	73	0	0
73	74	7	14
73	75	87	174
74	0	94	188
74	1	41	82
74	2	118	237
74	3	49	98
74	4	41	82
74	5	181	363
74	6	104	208
74	7	140	279
74	8	181	363
74	9	115	230
74	10	53	105
74	11	157	313
74	12	115	230
74	13	261	522
74	14	126	252
74	15	123	245
74	16	51	103
74	17	126	252
74	18	117	233
74	19	147	294
74	20	142	284
74	21	112	224
74	22	98	195
74	23	117	233
74	24	26	51
74	25	114	228
74	26	26	51
74	27	134	269
74	28	162	324
74	29	131	262
74	30	101	202
74	31	92	183
74	32	134	269
74	33	55	111
74	34	78	157
74	35	4	7
74	36	50	101
74	37	67	133
74	38	55	111
74	39	92	185
74	40	245	491
74	41	92	185
74	42	125	251
74	43	176	353
74	44	130	260
74	45	124	248
74	46	121	243
74	47	125	251
74	48	113	225
74	49	121	242
74	50	109	217
74	51	113	225
74	52	109	217
74	53	137	275
74	54	116	233
74	55	109	217
74	56	92	183
74	57	168	335
74	58	92	183
74	59	140	281
74	60	133	266
74	61	149	299
74	62	140	281
74	63	92	185
74	64	133	266
74	65	191	383
74	66	92	185
74	67	150	300
74	68	7	14
74	69	34	68
74	70	25	51
74	71	26	51
74	72	76	151
74	73	7	14
74	74	0	0
74	75	82	165
75	0	28	55
75	1	93	186
75	2	106	212
75	3	63	126
75	4	93	186
75	5	130	260
75	6	47	94
75	7	62	124
75	8	130	260
75	9	72	144
75	10	35	71
75	11	105	210
75	12	72	144
75	13	179	358
75	14	46	92
75	15	41	83
75	16	75	149
75	17	46	92
75	18	58	116
75	19	66	131
75	20	98	195
75	21	88	176
75	22	79	159
75	23	58	116
75	24	108	215
75	25	94	189
75	26	108	215
75	27	70	139
75	28	108	217
75	29	63	125
75	30	40	80
75	31	67	135
75	32	70	139
75	33	137	275
75	34	154	308
75	35	84	168
75	36	132	265
75	37	143	286
75	38	137	275
75	39	29	57
75	40	187	373
75	41	29	57
75	42	108	215
75	43	154	309
75	44	111	222
75	45	112	224
75	46	118	237
75	47	108	215
75	48	46	93
75	49	121	242
75	50	30	61
75	51	46	93
75	52	30	61
75	53	88	176
75	54	47	94
75	55	30	61
75	56	48	96
75	57	146	293
75	58	48	96
75	59	80	159
75	60	71	142
75	61	79	157
75	62	80	159
75	63	54	108
75	64	65	130
75	65	121	242
75	66	54	108
75	67	74	149
75	68	87	174
75	69	71	142
75	70	84	169
75	71	65	130
75	72	148	297
75	73	87	174
75	74	82	165
75	75	0	0
</TRAVEL_COSTS_TIMES>
