<NB_CUSTOMERS>15</NB_CUSTOMERS>
<NB_LOCATIONS>57</NB_LOCATIONS>
<NB_VEHICLES>5</NB_VEHICLES>
<VEHICLE_CAPACITY>750</VEHICLE_CAPACITY>
<EXTERNAL_VEHICLE_COST>4600</EXTERNAL_VEHICLE_COST>
<DEPOT>	ID	DEMAND	NBLOC	LOCS
0	0	1		0
</DEPOT>
<CUSTOMERS>	ID	DEMAND	NBLOC	LOCS
1	69	6			1	2	3	4	5	6
2	18	6			7	8	9	10	11	12
3	38	4			13	14	15	16
4	37	1			17
5	71	4			18	19	20	21
6	63	4			22	23	24	25
7	30	1			26
8	50	4			27	28	29	30
9	48	4			31	32	33	34
10	48	1			35
11	19	4			36	37	38	39
12	41	1			40
13	75	4			41	42	43	44
14	11	6			45	46	47	48	49	50
15	62	6			51	52	53	54	55	56
</CUSTOMERS>
<LOCATIONS>	ID	x	y	TWE	TWL
0	0	0	0	720
1	-121.477	16.3014	0	1
2	-116.635	81.7666	132	245
3	-82.8993	42.3894	349	356
4	-143.081	21.5933	483	514
5	-110.573	-5.96037	599	632
6	-121.477	16.3014	682	720
7	73.3929	-126.641	0	9
8	84.1481	-84.979	95	97
9	57.4879	-79.3368	152	161
10	62.7731	-137.409	278	316
11	57.8357	-124.845	343	436
12	73.3929	-126.641	467	720
13	41.7551	13.8359	0	266
14	51.9506	18.4667	288	464
15	36.1657	18.6061	496	533
16	41.7551	13.8359	548	720
17	51.9549	34.2114	0	720
18	77.6698	110.176	0	81
19	77.4981	110.019	81	175
20	-11.79	63.0569	377	443
21	77.6698	110.176	645	720
22	4.88527	-84.3351	0	83
23	-19.2556	-131.917	190	303
24	30.3198	-177.082	437	437
25	4.88527	-84.3351	629	720
26	-116.352	92.2314	0	720
27	-35.9346	47.9935	0	70
28	-2.75368	66.3172	146	194
29	-81.8154	29.8957	368	377
30	-35.9346	47.9935	476	720
31	-8.76216	-27.7722	0	13
32	9.45614	8.3958	94	157
33	-75.6804	21.0608	329	408
34	-8.76216	-27.7722	574	720
35	-52.6494	63.0194	0	720
36	-17.1639	-21.879	0	15
37	-28.8026	43.7787	148	160
38	-28.774	0.573164	246	435
39	-17.1639	-21.879	486	720
40	-88.8433	11.2336	0	720
41	-39.4934	-10.3697	0	145
42	-103.385	19.7992	286	304
43	-111.883	23.6944	323	393
44	-39.4934	-10.3697	553	720
45	-100.563	-60.6344	0	39
46	-99.1276	-39.038	82	148
47	-93.0033	-54.7767	182	278
48	-159.469	-24.1344	424	427
49	-106.805	-60.2767	555	665
50	-100.563	-60.6344	678	720
51	-67.324	9.21644	0	9
52	-7.66965	-7.31659	133	203
53	1.81059	-9.04895	222	259
54	-65.3287	10.8758	399	420
55	-60.3683	24.3014	449	523
56	-67.324	9.21644	556	720
</LOCATIONS>
<TRAVEL_COSTS_TIMES>	IDFROM	IDTO	COST	TIME
0	0	0	0
0	1	122	245
0	2	142	285
0	3	93	186
0	4	144	289
0	5	111	221
0	6	122	245
0	7	146	293
0	8	120	239
0	9	98	196
0	10	151	302
0	11	138	275
0	12	146	293
0	13	44	88
0	14	55	110
0	15	41	81
0	16	44	88
0	17	62	124
0	18	135	269
0	19	135	269
0	20	64	128
0	21	135	269
0	22	84	169
0	23	133	267
0	24	179	359
0	25	84	169
0	26	148	297
0	27	60	120
0	28	66	133
0	29	87	174
0	30	60	120
0	31	29	58
0	32	13	25
0	33	79	157
0	34	29	58
0	35	82	164
0	36	28	56
0	37	52	105
0	38	29	58
0	39	28	56
0	40	90	179
0	41	41	82
0	42	105	210
0	43	114	229
0	44	41	82
0	45	117	235
0	46	107	213
0	47	108	216
0	48	161	323
0	49	123	245
0	50	117	235
0	51	68	136
0	52	11	21
0	53	9	18
0	54	66	132
0	55	65	130
0	56	68	136
1	0	122	245
1	1	0	0
1	2	66	131
1	3	46	93
1	4	22	44
1	5	25	50
1	6	0	0
1	7	242	483
1	8	229	458
1	9	203	406
1	10	240	480
1	11	228	456
1	12	242	483
1	13	163	327
1	14	173	347
1	15	158	315
1	16	163	327
1	17	174	349
1	18	220	440
1	19	220	440
1	20	119	238
1	21	220	440
1	22	162	323
1	23	180	360
1	24	246	492
1	25	162	323
1	26	76	152
1	27	91	182
1	28	129	257
1	29	42	84
1	30	91	182
1	31	121	242
1	32	131	262
1	33	46	92
1	34	121	242
1	35	83	166
1	36	111	222
1	37	96	193
1	38	94	188
1	39	111	222
1	40	33	66
1	41	86	172
1	42	18	37
1	43	12	24
1	44	86	172
1	45	80	159
1	46	60	119
1	47	77	153
1	48	55	111
1	49	78	156
1	50	80	159
1	51	55	109
1	52	116	232
1	53	126	251
1	54	56	113
1	55	61	123
1	56	55	109
2	0	142	285
2	1	66	131
2	2	0	0
2	3	52	104
2	4	66	131
2	5	88	176
2	6	66	131
2	7	281	564
2	8	261	522
2	9	237	474
2	10	283	566
2	11	270	541
2	12	281	564
2	13	172	344
2	14	180	360
2	15	165	330
2	16	172	344
2	17	175	350
2	18	196	392
2	19	196	392
2	20	107	213
2	21	196	392
2	22	205	411
2	23	235	470
2	24	297	595
2	25	205	411
2	26	10	21
2	27	87	175
2	28	115	230
2	29	62	125
2	30	87	175
2	31	153	307
2	32	146	292
2	33	73	146
2	34	153	307
2	35	67	133
2	36	143	287
2	37	95	191
2	38	120	239
2	39	143	287
2	40	76	152
2	41	120	240
2	42	63	127
2	43	58	117
2	44	120	240
2	45	143	287
2	46	122	244
2	47	138	277
2	48	114	228
2	49	142	285
2	50	143	287
2	51	87	175
2	52	141	281
2	53	149	299
2	54	87	175
2	55	80	161
2	56	87	175
3	0	93	186
3	1	46	93
3	2	52	104
3	3	0	0
3	4	64	127
3	5	56	111
3	6	46	93
3	7	230	460
3	8	210	420
3	9	186	372
3	10	231	463
3	11	218	437
3	12	230	460
3	13	128	256
3	14	137	274
3	15	121	243
3	16	128	256
3	17	135	270
3	18	174	348
3	19	174	348
3	20	74	148
3	21	174	348
3	22	154	308
3	23	186	371
3	24	247	494
3	25	154	308
3	26	60	120
3	27	47	95
3	28	84	167
3	29	13	25
3	30	47	95
3	31	102	204
3	32	98	197
3	33	23	45
3	34	102	204
3	35	37	73
3	36	92	184
3	37	54	108
3	38	68	137
3	39	92	184
3	40	32	63
3	41	68	137
3	42	30	61
3	43	34	69
3	44	68	137
3	45	105	209
3	46	83	166
3	47	98	195
3	48	101	203
3	49	105	210
3	50	105	209
3	51	37	73
3	52	90	180
3	53	99	198
3	54	36	72
3	55	29	58
3	56	37	73
4	0	144	289
4	1	22	44
4	2	66	131
4	3	64	127
4	4	0	0
4	5	43	85
4	6	22	44
4	7	262	525
4	8	251	502
4	9	225	449
4	10	260	520
4	11	249	497
4	12	262	525
4	13	185	369
4	14	195	389
4	15	179	358
4	16	185	369
4	17	195	391
4	18	237	475
4	19	237	475
4	20	138	275
4	21	237	475
4	22	182	364
4	23	197	394
4	24	264	527
4	25	182	364
4	26	76	151
4	27	110	221
4	28	147	294
4	29	62	124
4	30	110	221
4	31	143	286
4	32	153	306
4	33	67	134
4	34	143	286
4	35	99	199
4	36	133	266
4	37	116	233
4	38	116	232
4	39	133	266
4	40	55	110
4	41	108	216
4	42	40	79
4	43	31	63
4	44	108	216
4	45	93	185
4	46	75	150
4	47	91	183
4	48	49	97
4	49	90	179
4	50	93	185
4	51	77	153
4	52	138	276
4	53	148	295
4	54	78	157
4	55	83	165
4	56	77	153
5	0	111	221
5	1	25	50
5	2	88	176
5	3	56	111
5	4	43	85
5	5	0	0
5	6	25	50
5	7	220	440
5	8	210	420
5	9	183	367
5	10	218	435
5	11	206	412
5	12	220	440
5	13	154	307
5	14	164	329
5	15	149	298
5	16	154	307
5	17	167	335
5	18	221	442
5	19	221	442
5	20	120	241
5	21	221	442
5	22	140	279
5	23	156	311
5	24	222	443
5	25	140	279
5	26	98	196
5	27	92	184
5	28	130	259
5	29	46	92
5	30	92	184
5	31	104	208
5	32	121	242
5	33	44	88
5	34	104	208
5	35	90	180
5	36	95	190
5	37	96	191
5	38	82	164
5	39	95	190
5	40	28	55
5	41	71	142
5	42	27	53
5	43	30	59
5	44	71	142
5	45	56	111
5	46	35	70
5	47	52	104
5	48	52	104
5	49	54	109
5	50	56	111
5	51	46	92
5	52	103	206
5	53	112	225
5	54	48	97
5	55	59	117
5	56	46	92
6	0	122	245
6	1	0	0
6	2	66	131
6	3	46	93
6	4	22	44
6	5	25	50
6	6	0	0
6	7	242	483
6	8	229	458
6	9	203	406
6	10	240	480
6	11	228	456
6	12	242	483
6	13	163	327
6	14	173	347
6	15	158	315
6	16	163	327
6	17	174	349
6	18	220	440
6	19	220	440
6	20	119	238
6	21	220	440
6	22	162	323
6	23	180	360
6	24	246	492
6	25	162	323
6	26	76	152
6	27	91	182
6	28	129	257
6	29	42	84
6	30	91	182
6	31	121	242
6	32	131	262
6	33	46	92
6	34	121	242
6	35	83	166
6	36	111	222
6	37	96	193
6	38	94	188
6	39	111	222
6	40	33	66
6	41	86	172
6	42	18	37
6	43	12	24
6	44	86	172
6	45	80	159
6	46	60	119
6	47	77	153
6	48	55	111
6	49	78	156
6	50	80	159
6	51	55	109
6	52	116	232
6	53	126	251
6	54	56	113
6	55	61	123
6	56	55	109
7	0	146	293
7	1	242	483
7	2	281	564
7	3	230	460
7	4	262	525
7	5	220	440
7	6	242	483
7	7	0	0
7	8	43	86
7	9	50	100
7	10	15	30
7	11	16	31
7	12	0	0
7	13	144	288
7	14	147	293
7	15	150	300
7	16	144	288
7	17	162	324
7	18	237	473
7	19	237	473
7	20	208	416
7	21	237	473
7	22	81	161
7	23	93	186
7	24	66	133
7	25	81	161
7	26	289	579
7	27	206	412
7	28	207	415
7	29	220	441
7	30	206	412
7	31	129	257
7	32	149	299
7	33	210	420
7	34	129	257
7	35	227	455
7	36	138	277
7	37	198	397
7	38	163	326
7	39	138	277
7	40	213	426
7	41	162	324
7	42	230	459
7	43	239	477
7	44	162	324
7	45	186	372
7	46	193	387
7	47	181	363
7	48	254	509
7	49	192	384
7	50	186	372
7	51	196	391
7	52	144	289
7	53	138	275
7	54	195	391
7	55	201	403
7	56	196	391
8	0	120	239
8	1	229	458
8	2	261	522
8	3	210	420
8	4	251	502
8	5	210	420
8	6	229	458
8	7	43	86
8	8	0	0
8	9	27	55
8	10	57	113
8	11	48	96
8	12	43	86
8	13	108	215
8	14	108	217
8	15	114	228
8	16	108	215
8	17	123	247
8	18	195	390
8	19	195	390
8	20	176	353
8	21	195	390
8	22	79	159
8	23	114	227
8	24	107	213
8	25	79	159
8	26	267	535
8	27	179	358
8	28	174	349
8	29	202	404
8	30	179	358
8	31	109	218
8	32	120	239
8	33	192	384
8	34	109	218
8	35	201	403
8	36	119	239
8	37	171	343
8	38	142	283
8	39	119	239
8	40	198	396
8	41	144	289
8	42	215	430
8	43	224	448
8	44	144	289
8	45	186	373
8	46	189	378
8	47	179	359
8	48	251	502
8	49	192	385
8	50	186	373
8	51	178	357
8	52	120	241
8	53	112	224
8	54	177	355
8	55	181	362
8	56	178	357
9	0	98	196
9	1	203	406
9	2	237	474
9	3	186	372
9	4	225	449
9	5	183	367
9	6	203	406
9	7	50	100
9	8	27	55
9	9	0	0
9	10	58	117
9	11	46	91
9	12	50	100
9	13	94	189
9	14	98	196
9	15	100	200
9	16	94	189
9	17	114	227
9	18	190	381
9	19	190	381
9	20	158	317
9	21	190	381
9	22	53	106
9	23	93	186
9	24	101	203
9	25	53	106
9	26	244	488
9	27	158	316
9	28	158	315
9	29	177	354
9	30	158	316
9	31	84	168
9	32	100	200
9	33	167	333
9	34	84	168
9	35	180	360
9	36	94	188
9	37	150	301
9	38	118	235
9	39	94	188
9	40	172	344
9	41	119	238
9	42	189	378
9	43	198	396
9	44	119	238
9	45	159	318
9	46	162	323
9	47	152	305
9	48	224	447
9	49	165	331
9	50	159	318
9	51	153	306
9	52	97	194
9	53	90	179
9	54	152	304
9	55	157	314
9	56	153	306
10	0	151	302
10	1	240	480
10	2	283	566
10	3	231	463
10	4	260	520
10	5	218	435
10	6	240	480
10	7	15	30
10	8	57	113
10	9	58	117
10	10	0	0
10	11	13	27
10	12	15	30
10	13	152	305
10	14	156	313
10	15	158	317
10	16	152	305
10	17	172	344
10	18	248	496
10	19	248	496
10	20	213	427
10	21	248	496
10	22	79	157
10	23	82	164
10	24	51	103
10	25	79	157
10	26	291	582
10	27	210	420
10	28	214	428
10	29	221	442
10	30	210	420
10	31	131	262
10	32	155	310
10	33	210	421
10	34	131	262
10	35	231	463
10	36	140	281
10	37	203	406
10	38	165	331
10	39	140	281
10	40	212	425
10	41	163	326
10	42	229	457
10	43	238	475
10	44	163	326
10	45	180	361
10	46	189	379
10	47	176	353
10	48	249	499
10	49	186	373
10	50	180	361
10	51	196	392
10	52	148	296
10	53	142	284
10	54	196	392
10	55	203	407
10	56	196	392
11	0	138	275
11	1	228	456
11	2	270	541
11	3	218	437
11	4	249	497
11	5	206	412
11	6	228	456
11	7	16	31
11	8	48	96
11	9	46	91
11	10	13	27
11	11	0	0
11	12	16	31
11	13	140	279
11	14	143	287
11	15	145	290
11	16	140	279
11	17	159	318
11	18	236	471
11	19	236	471
11	20	200	401
11	21	236	471
11	22	67	133
11	23	77	155
11	24	59	118
11	25	67	133
11	26	278	557
11	27	197	393
11	28	201	401
11	29	208	417
11	30	197	393
11	31	118	235
11	32	142	284
11	33	197	396
11	34	118	235
11	35	218	436
11	36	127	255
11	37	190	379
11	38	152	304
11	39	127	255
11	40	200	400
11	41	150	301
11	42	217	433
11	43	226	451
11	44	150	301
11	45	171	342
11	46	179	358
11	47	166	333
11	48	239	479
11	49	177	354
11	50	171	342
11	51	183	367
11	52	135	269
11	53	129	257
11	54	183	367
11	55	190	381
11	56	183	367
12	0	146	293
12	1	242	483
12	2	281	564
12	3	230	460
12	4	262	525
12	5	220	440
12	6	242	483
12	7	0	0
12	8	43	86
12	9	50	100
12	10	15	30
12	11	16	31
12	12	0	0
12	13	144	288
12	14	147	293
12	15	150	300
12	16	144	288
12	17	162	324
12	18	237	473
12	19	237	473
12	20	208	416
12	21	237	473
12	22	81	161
12	23	93	186
12	24	66	133
12	25	81	161
12	26	289	579
12	27	206	412
12	28	207	415
12	29	220	441
12	30	206	412
12	31	129	257
12	32	149	299
12	33	210	420
12	34	129	257
12	35	227	455
12	36	138	277
12	37	198	397
12	38	163	326
12	39	138	277
12	40	213	426
12	41	162	324
12	42	230	459
12	43	239	477
12	44	162	324
12	45	186	372
12	46	193	387
12	47	181	363
12	48	254	509
12	49	192	384
12	50	186	372
12	51	196	391
12	52	144	289
12	53	138	275
12	54	195	391
12	55	201	403
12	56	196	391
13	0	44	88
13	1	163	327
13	2	172	344
13	3	128	256
13	4	185	369
13	5	154	307
13	6	163	327
13	7	144	288
13	8	108	215
13	9	94	189
13	10	152	305
13	11	140	279
13	12	144	288
13	13	0	0
13	14	11	22
13	15	7	15
13	16	0	0
13	17	23	46
13	18	103	205
13	19	103	205
13	20	72	145
13	21	103	205
13	22	105	210
13	23	158	316
13	24	191	383
13	25	105	210
13	26	176	353
13	27	85	170
13	28	69	138
13	29	125	249
13	30	85	170
13	31	65	131
13	32	33	66
13	33	118	235
13	34	65	131
13	35	106	213
13	36	69	138
13	37	77	153
13	38	72	144
13	39	69	138
13	40	131	261
13	41	85	170
13	42	145	290
13	43	154	308
13	44	85	170
13	45	161	321
13	46	150	301
13	47	151	302
13	48	205	410
13	49	166	332
13	50	161	321
13	51	109	218
13	52	54	108
13	53	46	92
13	54	107	214
13	55	103	205
13	56	109	218
14	0	55	110
14	1	173	347
14	2	180	360
14	3	137	274
14	4	195	389
14	5	164	329
14	6	173	347
14	7	147	293
14	8	108	217
14	9	98	196
14	10	156	313
14	11	143	287
14	12	147	293
14	13	11	22
14	14	0	0
14	15	16	32
14	16	11	22
14	17	16	31
14	18	95	190
14	19	95	190
14	20	78	156
14	21	95	190
14	22	113	226
14	23	166	333
14	24	197	393
14	25	113	226
14	26	184	367
14	27	93	185
14	28	73	145
14	29	134	269
14	30	93	185
14	31	76	153
14	32	44	87
14	33	128	255
14	34	76	153
14	35	114	227
14	36	80	160
14	37	85	169
14	38	83	165
14	39	80	160
14	40	141	282
14	41	96	192
14	42	155	310
14	43	164	328
14	44	96	192
14	45	172	343
14	46	161	323
14	47	162	324
14	48	216	431
14	49	177	354
14	50	172	343
14	51	120	239
14	52	65	130
14	53	57	114
14	54	118	235
14	55	112	225
14	56	120	239
15	0	41	81
15	1	158	315
15	2	165	330
15	3	121	243
15	4	179	358
15	5	149	298
15	6	158	315
15	7	150	300
15	8	114	228
15	9	100	200
15	10	158	317
15	11	145	290
15	12	150	300
15	13	7	15
15	14	16	32
15	15	0	0
15	16	7	15
15	17	22	44
15	18	100	201
15	19	100	201
15	20	65	131
15	21	100	201
15	22	108	215
15	23	160	321
15	24	196	392
15	25	108	215
15	26	169	339
15	27	78	156
15	28	62	123
15	29	119	237
15	30	78	156
15	31	65	129
15	32	29	57
15	33	112	224
15	34	65	129
15	35	99	199
15	36	67	134
15	37	70	139
15	38	67	135
15	39	67	134
15	40	125	250
15	41	81	162
15	42	140	279
15	43	148	296
15	44	81	162
15	45	158	316
15	46	147	294
15	47	149	297
15	48	200	400
15	49	163	326
15	50	158	316
15	51	104	208
15	52	51	102
15	53	44	88
15	54	102	204
15	55	97	193
15	56	104	208
16	0	44	88
16	1	163	327
16	2	172	344
16	3	128	256
16	4	185	369
16	5	154	307
16	6	163	327
16	7	144	288
16	8	108	215
16	9	94	189
16	10	152	305
16	11	140	279
16	12	144	288
16	13	0	0
16	14	11	22
16	15	7	15
16	16	0	0
16	17	23	46
16	18	103	205
16	19	103	205
16	20	72	145
16	21	103	205
16	22	105	210
16	23	158	316
16	24	191	383
16	25	105	210
16	26	176	353
16	27	85	170
16	28	69	138
16	29	125	249
16	30	85	170
16	31	65	131
16	32	33	66
16	33	118	235
16	34	65	131
16	35	106	213
16	36	69	138
16	37	77	153
16	38	72	144
16	39	69	138
16	40	131	261
16	41	85	170
16	42	145	290
16	43	154	308
16	44	85	170
16	45	161	321
16	46	150	301
16	47	151	302
16	48	205	410
16	49	166	332
16	50	161	321
16	51	109	218
16	52	54	108
16	53	46	92
16	54	107	214
16	55	103	205
16	56	109	218
17	0	62	124
17	1	174	349
17	2	175	350
17	3	135	270
17	4	195	391
17	5	167	335
17	6	174	349
17	7	162	324
17	8	123	247
17	9	114	227
17	10	172	344
17	11	159	318
17	12	162	324
17	13	23	46
17	14	16	31
17	15	22	44
17	16	23	46
17	17	0	0
17	18	80	160
17	19	80	160
17	20	70	140
17	21	80	160
17	22	128	255
17	23	181	361
17	24	212	424
17	25	128	255
17	26	178	356
17	27	89	178
17	28	63	127
17	29	134	268
17	30	89	178
17	31	87	173
17	32	50	99
17	33	128	257
17	34	87	173
17	35	108	217
17	36	89	178
17	37	81	163
17	38	87	175
17	39	89	178
17	40	143	285
17	41	102	203
17	42	156	312
17	43	164	328
17	44	102	203
17	45	179	359
17	46	168	335
17	47	170	340
17	48	219	439
17	49	185	369
17	50	179	359
17	51	122	244
17	52	73	145
17	53	66	132
17	54	120	239
17	55	113	226
17	56	122	244
18	0	135	269
18	1	220	440
18	2	196	392
18	3	174	348
18	4	237	475
18	5	221	442
18	6	220	440
18	7	237	473
18	8	195	390
18	9	190	381
18	10	248	496
18	11	236	471
18	12	237	473
18	13	103	205
18	14	95	190
18	15	100	201
18	16	103	205
18	17	80	160
18	18	0	0
18	19	0	0
18	20	101	202
18	21	0	0
18	22	207	415
18	23	260	521
18	24	291	582
18	25	207	415
18	26	195	389
18	27	129	259
18	28	91	183
18	29	178	357
18	30	129	259
18	31	162	325
18	32	122	245
18	33	177	354
18	34	162	325
18	35	138	277
18	36	162	325
18	37	125	251
18	38	153	305
18	39	162	325
18	40	193	387
18	41	168	336
18	42	202	404
18	43	208	416
18	44	168	336
18	45	247	493
18	46	231	462
18	47	237	474
18	48	272	544
18	49	251	502
18	50	247	493
18	51	176	353
18	52	145	290
18	53	141	282
18	54	174	348
18	55	162	325
18	56	176	353
19	0	135	269
19	1	220	440
19	2	196	392
19	3	174	348
19	4	237	475
19	5	221	442
19	6	220	440
19	7	237	473
19	8	195	390
19	9	190	381
19	10	248	496
19	11	236	471
19	12	237	473
19	13	103	205
19	14	95	190
19	15	100	201
19	16	103	205
19	17	80	160
19	18	0	0
19	19	0	0
19	20	101	202
19	21	0	0
19	22	207	415
19	23	260	521
19	24	291	582
19	25	207	415
19	26	195	389
19	27	129	259
19	28	91	183
19	29	178	357
19	30	129	259
19	31	162	325
19	32	122	245
19	33	177	354
19	34	162	325
19	35	138	277
19	36	162	325
19	37	125	251
19	38	153	305
19	39	162	325
19	40	193	387
19	41	168	336
19	42	202	404
19	43	208	416
19	44	168	336
19	45	247	493
19	46	231	462
19	47	237	474
19	48	272	544
19	49	251	502
19	50	247	493
19	51	176	353
19	52	145	290
19	53	141	282
19	54	174	348
19	55	162	325
19	56	176	353
20	0	64	128
20	1	119	238
20	2	107	213
20	3	74	148
20	4	138	275
20	5	120	241
20	6	119	238
20	7	208	416
20	8	176	353
20	9	158	317
20	10	213	427
20	11	200	401
20	12	208	416
20	13	72	145
20	14	78	156
20	15	65	131
20	16	72	145
20	17	70	140
20	18	101	202
20	19	101	202
20	20	0	0
20	21	101	202
20	22	148	297
20	23	195	390
20	24	243	487
20	25	148	297
20	26	109	217
20	27	28	57
20	28	10	19
20	29	77	155
20	30	28	57
20	31	90	182
20	32	59	117
20	33	76	153
20	34	90	182
20	35	41	82
20	36	85	170
20	37	26	51
20	38	65	130
20	39	85	170
20	40	92	186
20	41	78	157
20	42	101	203
20	43	108	215
20	44	78	157
20	45	152	304
20	46	134	268
20	47	143	286
20	48	171	343
20	49	156	311
20	50	152	304
20	51	77	154
20	52	70	141
20	53	73	146
20	54	75	149
20	55	62	124
20	56	77	154
21	0	135	269
21	1	220	440
21	2	196	392
21	3	174	348
21	4	237	475
21	5	221	442
21	6	220	440
21	7	237	473
21	8	195	390
21	9	190	381
21	10	248	496
21	11	236	471
21	12	237	473
21	13	103	205
21	14	95	190
21	15	100	201
21	16	103	205
21	17	80	160
21	18	0	0
21	19	0	0
21	20	101	202
21	21	0	0
21	22	207	415
21	23	260	521
21	24	291	582
21	25	207	415
21	26	195	389
21	27	129	259
21	28	91	183
21	29	178	357
21	30	129	259
21	31	162	325
21	32	122	245
21	33	177	354
21	34	162	325
21	35	138	277
21	36	162	325
21	37	125	251
21	38	153	305
21	39	162	325
21	40	193	387
21	41	168	336
21	42	202	404
21	43	208	416
21	44	168	336
21	45	247	493
21	46	231	462
21	47	237	474
21	48	272	544
21	49	251	502
21	50	247	493
21	51	176	353
21	52	145	290
21	53	141	282
21	54	174	348
21	55	162	325
21	56	176	353
22	0	84	169
22	1	162	323
22	2	205	411
22	3	154	308
22	4	182	364
22	5	140	279
22	6	162	323
22	7	81	161
22	8	79	159
22	9	53	106
22	10	79	157
22	11	67	133
22	12	81	161
22	13	105	210
22	14	113	226
22	15	108	215
22	16	105	210
22	17	128	255
22	18	207	415
22	19	207	415
22	20	148	297
22	21	207	415
22	22	0	0
22	23	53	107
22	24	96	192
22	25	0	0
22	26	214	428
22	27	138	277
22	28	150	302
22	29	143	287
22	30	138	277
22	31	58	116
22	32	93	186
22	33	132	265
22	34	58	116
22	35	158	316
22	36	66	132
22	37	132	265
22	38	91	183
22	39	66	132
22	40	134	268
22	41	86	173
22	42	150	300
22	43	159	318
22	44	86	173
22	45	108	216
22	46	113	227
22	47	102	205
22	48	175	350
22	49	114	229
22	50	108	216
22	51	118	236
22	52	78	156
22	53	75	151
22	54	118	237
22	55	126	253
22	56	118	236
23	0	133	267
23	1	180	360
23	2	235	470
23	3	186	371
23	4	197	394
23	5	156	311
23	6	180	360
23	7	93	186
23	8	114	227
23	9	93	186
23	10	82	164
23	11	77	155
23	12	93	186
23	13	158	316
23	14	166	333
23	15	160	321
23	16	158	316
23	17	181	361
23	18	260	521
23	19	260	521
23	20	195	390
23	21	260	521
23	22	53	107
23	23	0	0
23	24	67	134
23	25	53	107
23	26	244	489
23	27	181	361
23	28	199	398
23	29	173	347
23	30	181	361
23	31	105	209
23	32	143	286
23	33	163	326
23	34	105	209
23	35	198	395
23	36	110	220
23	37	176	352
23	38	133	266
23	39	110	220
23	40	159	318
23	41	123	246
23	42	173	347
23	43	181	362
23	44	123	246
23	45	108	216
23	46	122	245
23	47	107	213
23	48	177	354
23	49	113	226
23	50	108	216
23	51	149	298
23	52	125	250
23	53	125	249
23	54	150	300
23	55	162	323
23	56	149	298
24	0	179	359
24	1	246	492
24	2	297	595
24	3	247	494
24	4	264	527
24	5	222	443
24	6	246	492
24	7	66	133
24	8	107	213
24	9	101	203
24	10	51	103
24	11	59	118
24	12	66	133
24	13	191	383
24	14	197	393
24	15	196	392
24	16	191	383
24	17	212	424
24	18	291	582
24	19	291	582
24	20	243	487
24	21	291	582
24	22	96	192
24	23	67	134
24	24	0	0
24	25	96	192
24	26	306	613
24	27	234	469
24	28	245	491
24	29	235	471
24	30	234	469
24	31	154	308
24	32	187	373
24	33	224	449
24	34	154	308
24	35	254	508
24	36	162	324
24	37	228	457
24	38	187	374
24	39	162	324
24	40	223	446
24	41	181	361
24	42	238	476
24	43	246	492
24	44	181	361
24	45	175	350
24	46	189	378
24	47	174	347
24	48	244	487
24	49	180	360
24	50	175	350
24	51	210	421
24	52	174	348
24	53	170	341
24	54	211	422
24	55	221	442
24	56	210	421
25	0	84	169
25	1	162	323
25	2	205	411
25	3	154	308
25	4	182	364
25	5	140	279
25	6	162	323
25	7	81	161
25	8	79	159
25	9	53	106
25	10	79	157
25	11	67	133
25	12	81	161
25	13	105	210
25	14	113	226
25	15	108	215
25	16	105	210
25	17	128	255
25	18	207	415
25	19	207	415
25	20	148	297
25	21	207	415
25	22	0	0
25	23	53	107
25	24	96	192
25	25	0	0
25	26	214	428
25	27	138	277
25	28	150	302
25	29	143	287
25	30	138	277
25	31	58	116
25	32	93	186
25	33	132	265
25	34	58	116
25	35	158	316
25	36	66	132
25	37	132	265
25	38	91	183
25	39	66	132
25	40	134	268
25	41	86	173
25	42	150	300
25	43	159	318
25	44	86	173
25	45	108	216
25	46	113	227
25	47	102	205
25	48	175	350
25	49	114	229
25	50	108	216
25	51	118	236
25	52	78	156
25	53	75	151
25	54	118	237
25	55	126	253
25	56	118	236
26	0	148	297
26	1	76	152
26	2	10	21
26	3	60	120
26	4	76	151
26	5	98	196
26	6	76	152
26	7	289	579
26	8	267	535
26	9	244	488
26	10	291	582
26	11	278	557
26	12	289	579
26	13	176	353
26	14	184	367
26	15	169	339
26	16	176	353
26	17	178	356
26	18	195	389
26	19	195	389
26	20	109	217
26	21	195	389
26	22	214	428
26	23	244	489
26	24	306	613
26	25	214	428
26	26	0	0
26	27	92	184
26	28	117	233
26	29	71	143
26	30	92	184
26	31	161	322
26	32	151	302
26	33	82	164
26	34	161	322
26	35	70	140
26	36	151	302
26	37	100	200
26	38	127	254
26	39	151	302
26	40	86	171
26	41	128	256
26	42	73	147
26	43	68	137
26	44	128	256
26	45	153	307
26	46	132	265
26	47	148	298
26	48	124	248
26	49	152	305
26	50	153	307
26	51	96	193
26	52	147	295
26	53	156	311
26	54	96	192
26	55	88	176
26	56	96	193
27	0	60	120
27	1	91	182
27	2	87	175
27	3	47	95
27	4	110	221
27	5	92	184
27	6	91	182
27	7	206	412
27	8	179	358
27	9	158	316
27	10	210	420
27	11	197	393
27	12	206	412
27	13	85	170
27	14	93	185
27	15	78	156
27	16	85	170
27	17	89	178
27	18	129	259
27	19	129	259
27	20	28	57
27	21	129	259
27	22	138	277
27	23	181	361
27	24	234	469
27	25	138	277
27	26	92	184
27	27	0	0
27	28	38	76
27	29	49	99
27	30	0	0
27	31	80	161
27	32	60	120
27	33	48	96
27	34	80	161
27	35	22	45
27	36	72	145
27	37	8	17
27	38	48	96
27	39	72	145
27	40	64	129
27	41	58	117
27	42	73	146
27	43	80	159
27	44	58	117
27	45	126	253
27	46	107	215
27	47	118	235
27	48	143	286
27	49	129	259
27	50	126	253
27	51	50	100
27	52	62	124
27	53	68	137
27	54	47	95
27	55	34	68
27	56	50	100
28	0	66	133
28	1	129	257
28	2	115	230
28	3	84	167
28	4	147	294
28	5	130	259
28	6	129	257
28	7	207	415
28	8	174	349
28	9	158	315
28	10	214	428
28	11	201	401
28	12	207	415
28	13	69	138
28	14	73	145
28	15	62	123
28	16	69	138
28	17	63	127
28	18	91	183
28	19	91	183
28	20	10	19
28	21	91	183
28	22	150	302
28	23	199	398
28	24	245	491
28	25	150	302
28	26	117	233
28	27	38	76
28	28	0	0
28	29	87	174
28	30	38	76
28	31	94	189
28	32	59	118
28	33	86	172
28	34	94	189
28	35	50	100
28	36	89	179
28	37	34	69
28	38	71	141
28	39	89	179
28	40	102	204
28	41	85	170
28	42	111	222
28	43	117	234
28	44	85	170
28	45	160	321
28	46	143	286
28	47	151	302
28	48	181	362
28	49	164	328
28	50	160	321
28	51	86	172
28	52	74	148
28	53	75	151
28	54	83	167
28	55	71	143
28	56	86	172
29	0	87	174
29	1	42	84
29	2	62	125
29	3	13	25
29	4	62	124
29	5	46	92
29	6	42	84
29	7	220	441
29	8	202	404
29	9	177	354
29	10	221	442
29	11	208	417
29	12	220	441
29	13	125	249
29	14	134	269
29	15	119	237
29	16	125	249
29	17	134	268
29	18	178	357
29	19	178	357
29	20	77	155
29	21	178	357
29	22	143	287
29	23	173	347
29	24	235	471
29	25	143	287
29	26	71	143
29	27	49	99
29	28	87	174
29	29	0	0
29	30	49	99
29	31	93	186
29	32	94	187
29	33	11	22
29	34	93	186
29	35	44	88
29	36	83	166
29	37	55	110
29	38	61	121
29	39	83	166
29	40	20	40
29	41	58	117
29	42	24	48
29	43	31	61
29	44	58	117
29	45	92	185
29	46	71	142
29	47	85	171
29	48	95	189
29	49	94	187
29	50	92	185
29	51	25	51
29	52	83	166
29	53	92	184
29	54	25	50
29	55	22	44
29	56	25	51
30	0	60	120
30	1	91	182
30	2	87	175
30	3	47	95
30	4	110	221
30	5	92	184
30	6	91	182
30	7	206	412
30	8	179	358
30	9	158	316
30	10	210	420
30	11	197	393
30	12	206	412
30	13	85	170
30	14	93	185
30	15	78	156
30	16	85	170
30	17	89	178
30	18	129	259
30	19	129	259
30	20	28	57
30	21	129	259
30	22	138	277
30	23	181	361
30	24	234	469
30	25	138	277
30	26	92	184
30	27	0	0
30	28	38	76
30	29	49	99
30	30	0	0
30	31	80	161
30	32	60	120
30	33	48	96
30	34	80	161
30	35	22	45
30	36	72	145
30	37	8	17
30	38	48	96
30	39	72	145
30	40	64	129
30	41	58	117
30	42	73	146
30	43	80	159
30	44	58	117
30	45	126	253
30	46	107	215
30	47	118	235
30	48	143	286
30	49	129	259
30	50	126	253
30	51	50	100
30	52	62	124
30	53	68	137
30	54	47	95
30	55	34	68
30	56	50	100
31	0	29	58
31	1	121	242
31	2	153	307
31	3	102	204
31	4	143	286
31	5	104	208
31	6	121	242
31	7	129	257
31	8	109	218
31	9	84	168
31	10	131	262
31	11	118	235
31	12	129	257
31	13	65	131
31	14	76	153
31	15	65	129
31	16	65	131
31	17	87	173
31	18	162	325
31	19	162	325
31	20	90	182
31	21	162	325
31	22	58	116
31	23	105	209
31	24	154	308
31	25	58	116
31	26	161	322
31	27	80	161
31	28	94	189
31	29	93	186
31	30	80	161
31	31	0	0
31	32	40	81
31	33	83	166
31	34	0	0
31	35	101	202
31	36	10	21
31	37	74	149
31	38	35	69
31	39	10	21
31	40	89	178
31	41	35	71
31	42	106	212
31	43	115	230
31	44	35	71
31	45	98	195
31	46	91	182
31	47	88	177
31	48	151	302
31	49	103	207
31	50	98	195
31	51	69	139
31	52	20	41
31	53	22	43
31	54	68	137
31	55	73	147
31	56	69	139
32	0	13	25
32	1	131	262
32	2	146	292
32	3	98	197
32	4	153	306
32	5	121	242
32	6	131	262
32	7	149	299
32	8	120	239
32	9	100	200
32	10	155	310
32	11	142	284
32	12	149	299
32	13	33	66
32	14	44	87
32	15	29	57
32	16	33	66
32	17	50	99
32	18	122	245
32	19	122	245
32	20	59	117
32	21	122	245
32	22	93	186
32	23	143	286
32	24	187	373
32	25	93	186
32	26	151	302
32	27	60	120
32	28	59	118
32	29	94	187
32	30	60	120
32	31	40	81
32	32	0	0
32	33	86	172
32	34	40	81
32	35	82	165
32	36	40	81
32	37	52	104
32	38	39	78
32	39	40	81
32	40	98	197
32	41	52	105
32	42	113	227
32	43	122	245
32	44	52	105
32	45	130	260
32	46	118	237
32	47	120	241
32	48	172	344
32	49	135	270
32	50	130	260
32	51	77	154
32	52	23	46
32	53	19	38
32	54	75	150
32	55	72	143
32	56	77	154
33	0	79	157
33	1	46	92
33	2	73	146
33	3	23	45
33	4	67	134
33	5	44	88
33	6	46	92
33	7	210	420
33	8	192	384
33	9	167	333
33	10	210	421
33	11	197	396
33	12	210	420
33	13	118	235
33	14	128	255
33	15	112	224
33	16	118	235
33	17	128	257
33	18	177	354
33	19	177	354
33	20	76	153
33	21	177	354
33	22	132	265
33	23	163	326
33	24	224	449
33	25	132	265
33	26	82	164
33	27	48	96
33	28	86	172
33	29	11	22
33	30	48	96
33	31	83	166
33	32	86	172
33	33	0	0
33	34	83	166
33	35	48	96
33	36	73	145
33	37	52	104
33	38	51	102
33	39	73	145
33	40	16	33
33	41	48	96
33	42	28	55
33	43	36	73
33	44	48	96
33	45	85	171
33	46	65	129
33	47	78	156
33	48	95	190
33	49	87	174
33	50	85	171
33	51	14	29
33	52	74	147
33	53	83	166
33	54	15	29
33	55	16	31
33	56	14	29
34	0	29	58
34	1	121	242
34	2	153	307
34	3	102	204
34	4	143	286
34	5	104	208
34	6	121	242
34	7	129	257
34	8	109	218
34	9	84	168
34	10	131	262
34	11	118	235
34	12	129	257
34	13	65	131
34	14	76	153
34	15	65	129
34	16	65	131
34	17	87	173
34	18	162	325
34	19	162	325
34	20	90	182
34	21	162	325
34	22	58	116
34	23	105	209
34	24	154	308
34	25	58	116
34	26	161	322
34	27	80	161
34	28	94	189
34	29	93	186
34	30	80	161
34	31	0	0
34	32	40	81
34	33	83	166
34	34	0	0
34	35	101	202
34	36	10	21
34	37	74	149
34	38	35	69
34	39	10	21
34	40	89	178
34	41	35	71
34	42	106	212
34	43	115	230
34	44	35	71
34	45	98	195
34	46	91	182
34	47	88	177
34	48	151	302
34	49	103	207
34	50	98	195
34	51	69	139
34	52	20	41
34	53	22	43
34	54	68	137
34	55	73	147
34	56	69	139
35	0	82	164
35	1	83	166
35	2	67	133
35	3	37	73
35	4	99	199
35	5	90	180
35	6	83	166
35	7	227	455
35	8	201	403
35	9	180	360
35	10	231	463
35	11	218	436
35	12	227	455
35	13	106	213
35	14	114	227
35	15	99	199
35	16	106	213
35	17	108	217
35	18	138	277
35	19	138	277
35	20	41	82
35	21	138	277
35	22	158	316
35	23	198	395
35	24	254	508
35	25	158	316
35	26	70	140
35	27	22	45
35	28	50	100
35	29	44	88
35	30	22	45
35	31	101	202
35	32	82	165
35	33	48	96
35	34	101	202
35	35	0	0
35	36	92	184
35	37	30	61
35	38	67	134
35	39	92	184
35	40	63	126
35	41	75	149
35	42	67	133
35	43	71	142
35	44	75	149
35	45	133	265
35	46	112	224
35	47	124	249
35	48	138	275
35	49	135	269
35	50	133	265
35	51	56	112
35	52	83	167
35	53	90	181
35	54	53	107
35	55	39	79
35	56	56	112
36	0	28	56
36	1	111	222
36	2	143	287
36	3	92	184
36	4	133	266
36	5	95	190
36	6	111	222
36	7	138	277
36	8	119	239
36	9	94	188
36	10	140	281
36	11	127	255
36	12	138	277
36	13	69	138
36	14	80	160
36	15	67	134
36	16	69	138
36	17	89	178
36	18	162	325
36	19	162	325
36	20	85	170
36	21	162	325
36	22	66	132
36	23	110	220
36	24	162	324
36	25	66	132
36	26	151	302
36	27	72	145
36	28	89	179
36	29	83	166
36	30	72	145
36	31	10	21
36	32	40	81
36	33	73	145
36	34	10	21
36	35	92	184
36	36	0	0
36	37	67	133
36	38	25	51
36	39	0	0
36	40	79	158
36	41	25	50
36	42	96	191
36	43	105	210
36	44	25	50
36	45	92	184
36	46	84	167
36	47	83	165
36	48	142	285
36	49	98	195
36	50	92	184
36	51	59	118
36	52	17	35
36	53	23	46
36	54	58	116
36	55	63	126
36	56	59	118
37	0	52	105
37	1	96	193
37	2	95	191
37	3	54	108
37	4	116	233
37	5	96	191
37	6	96	193
37	7	198	397
37	8	171	343
37	9	150	301
37	10	203	406
37	11	190	379
37	12	198	397
37	13	77	153
37	14	85	169
37	15	70	139
37	16	77	153
37	17	81	163
37	18	125	251
37	19	125	251
37	20	26	51
37	21	125	251
37	22	132	265
37	23	176	352
37	24	228	457
37	25	132	265
37	26	100	200
37	27	8	17
37	28	34	69
37	29	55	110
37	30	8	17
37	31	74	149
37	32	52	104
37	33	52	104
37	34	74	149
37	35	30	61
37	36	67	133
37	37	0	0
37	38	43	86
37	39	67	133
37	40	68	137
37	41	55	110
37	42	78	157
37	43	85	171
37	44	55	110
37	45	127	253
37	46	109	217
37	47	118	235
37	48	147	294
37	49	130	260
37	50	127	253
37	51	52	103
37	52	55	111
37	53	61	122
37	54	49	98
37	55	37	74
37	56	52	103
38	0	29	58
38	1	94	188
38	2	120	239
38	3	68	137
38	4	116	232
38	5	82	164
38	6	94	188
38	7	163	326
38	8	142	283
38	9	118	235
38	10	165	331
38	11	152	304
38	12	163	326
38	13	72	144
38	14	83	165
38	15	67	135
38	16	72	144
38	17	87	175
38	18	153	305
38	19	153	305
38	20	65	130
38	21	153	305
38	22	91	183
38	23	133	266
38	24	187	374
38	25	91	183
38	26	127	254
38	27	48	96
38	28	71	141
38	29	61	121
38	30	48	96
38	31	35	69
38	32	39	78
38	33	51	102
38	34	35	69
38	35	67	134
38	36	25	51
38	37	43	86
38	38	0	0
38	39	25	51
38	40	61	122
38	41	15	31
38	42	77	154
38	43	86	173
38	44	15	31
38	45	94	189
38	46	81	161
38	47	85	170
38	48	133	266
38	49	99	198
38	50	94	189
38	51	40	79
38	52	23	45
38	53	32	64
38	54	38	76
38	55	40	79
38	56	40	79
39	0	28	56
39	1	111	222
39	2	143	287
39	3	92	184
39	4	133	266
39	5	95	190
39	6	111	222
39	7	138	277
39	8	119	239
39	9	94	188
39	10	140	281
39	11	127	255
39	12	138	277
39	13	69	138
39	14	80	160
39	15	67	134
39	16	69	138
39	17	89	178
39	18	162	325
39	19	162	325
39	20	85	170
39	21	162	325
39	22	66	132
39	23	110	220
39	24	162	324
39	25	66	132
39	26	151	302
39	27	72	145
39	28	89	179
39	29	83	166
39	30	72	145
39	31	10	21
39	32	40	81
39	33	73	145
39	34	10	21
39	35	92	184
39	36	0	0
39	37	67	133
39	38	25	51
39	39	0	0
39	40	79	158
39	41	25	50
39	42	96	191
39	43	105	210
39	44	25	50
39	45	92	184
39	46	84	167
39	47	83	165
39	48	142	285
39	49	98	195
39	50	92	184
39	51	59	118
39	52	17	35
39	53	23	46
39	54	58	116
39	55	63	126
39	56	59	118
40	0	90	179
40	1	33	66
40	2	76	152
40	3	32	63
40	4	55	110
40	5	28	55
40	6	33	66
40	7	213	426
40	8	198	396
40	9	172	344
40	10	212	425
40	11	200	400
40	12	213	426
40	13	131	261
40	14	141	282
40	15	125	250
40	16	131	261
40	17	143	285
40	18	193	387
40	19	193	387
40	20	92	186
40	21	193	387
40	22	134	268
40	23	159	318
40	24	223	446
40	25	134	268
40	26	86	171
40	27	64	129
40	28	102	204
40	29	20	40
40	30	64	129
40	31	89	178
40	32	98	197
40	33	16	33
40	34	89	178
40	35	63	126
40	36	79	158
40	37	68	137
40	38	61	122
40	39	79	158
40	40	0	0
40	41	54	108
40	42	17	34
40	43	26	52
40	44	54	108
40	45	73	146
40	46	51	103
40	47	66	132
40	48	79	158
40	49	74	147
40	50	73	146
40	51	22	43
40	52	83	167
40	53	93	186
40	54	24	47
40	55	31	63
40	56	22	43
41	0	41	82
41	1	86	172
41	2	120	240
41	3	68	137
41	4	108	216
41	5	71	142
41	6	86	172
41	7	162	324
41	8	144	289
41	9	119	238
41	10	163	326
41	11	150	301
41	12	162	324
41	13	85	170
41	14	96	192
41	15	81	162
41	16	85	170
41	17	102	203
41	18	168	336
41	19	168	336
41	20	78	157
41	21	168	336
41	22	86	173
41	23	123	246
41	24	181	361
41	25	86	173
41	26	128	256
41	27	58	117
41	28	85	170
41	29	58	117
41	30	58	117
41	31	35	71
41	32	52	105
41	33	48	96
41	34	35	71
41	35	75	149
41	36	25	50
41	37	55	110
41	38	15	31
41	39	25	50
41	40	54	108
41	41	0	0
41	42	71	141
41	43	80	160
41	44	0	0
41	45	79	158
41	46	66	132
41	47	70	139
41	48	121	242
41	49	84	168
41	50	79	158
41	51	34	68
41	52	32	64
41	53	41	83
41	54	33	67
41	55	40	81
41	56	34	68
42	0	105	210
42	1	18	37
42	2	63	127
42	3	30	61
42	4	40	79
42	5	27	53
42	6	18	37
42	7	230	459
42	8	215	430
42	9	189	378
42	10	229	457
42	11	217	433
42	12	230	459
42	13	145	290
42	14	155	310
42	15	140	279
42	16	145	290
42	17	156	312
42	18	202	404
42	19	202	404
42	20	101	203
42	21	202	404
42	22	150	300
42	23	173	347
42	24	238	476
42	25	150	300
42	26	73	147
42	27	73	146
42	28	111	222
42	29	24	48
42	30	73	146
42	31	106	212
42	32	113	227
42	33	28	55
42	34	106	212
42	35	67	133
42	36	96	191
42	37	78	157
42	38	77	154
42	39	96	191
42	40	17	34
42	41	71	141
42	42	0	0
42	43	9	19
42	44	71	141
42	45	80	161
42	46	59	118
42	47	75	151
42	48	71	142
42	49	80	160
42	50	80	161
42	51	38	75
42	52	99	199
42	53	109	218
42	54	39	78
42	55	43	86
42	56	38	75
43	0	114	229
43	1	12	24
43	2	58	117
43	3	34	69
43	4	31	63
43	5	30	59
43	6	12	24
43	7	239	477
43	8	224	448
43	9	198	396
43	10	238	475
43	11	226	451
43	12	239	477
43	13	154	308
43	14	164	328
43	15	148	296
43	16	154	308
43	17	164	328
43	18	208	416
43	19	208	416
43	20	108	215
43	21	208	416
43	22	159	318
43	23	181	362
43	24	246	492
43	25	159	318
43	26	68	137
43	27	80	159
43	28	117	234
43	29	31	61
43	30	80	159
43	31	115	230
43	32	122	245
43	33	36	73
43	34	115	230
43	35	71	142
43	36	105	210
43	37	85	171
43	38	86	173
43	39	105	210
43	40	26	52
43	41	80	160
43	42	9	19
43	43	0	0
43	44	80	160
43	45	85	170
43	46	64	128
43	47	81	161
43	48	67	135
43	49	84	168
43	50	85	170
43	51	47	94
43	52	108	217
43	53	118	236
43	54	48	97
43	55	52	103
43	56	47	94
44	0	41	82
44	1	86	172
44	2	120	240
44	3	68	137
44	4	108	216
44	5	71	142
44	6	86	172
44	7	162	324
44	8	144	289
44	9	119	238
44	10	163	326
44	11	150	301
44	12	162	324
44	13	85	170
44	14	96	192
44	15	81	162
44	16	85	170
44	17	102	203
44	18	168	336
44	19	168	336
44	20	78	157
44	21	168	336
44	22	86	173
44	23	123	246
44	24	181	361
44	25	86	173
44	26	128	256
44	27	58	117
44	28	85	170
44	29	58	117
44	30	58	117
44	31	35	71
44	32	52	105
44	33	48	96
44	34	35	71
44	35	75	149
44	36	25	50
44	37	55	110
44	38	15	31
44	39	25	50
44	40	54	108
44	41	0	0
44	42	71	141
44	43	80	160
44	44	0	0
44	45	79	158
44	46	66	132
44	47	70	139
44	48	121	242
44	49	84	168
44	50	79	158
44	51	34	68
44	52	32	64
44	53	41	83
44	54	33	67
44	55	40	81
44	56	34	68
45	0	117	235
45	1	80	159
45	2	143	287
45	3	105	209
45	4	93	185
45	5	56	111
45	6	80	159
45	7	186	372
45	8	186	373
45	9	159	318
45	10	180	361
45	11	171	342
45	12	186	372
45	13	161	321
45	14	172	343
45	15	158	316
45	16	161	321
45	17	179	359
45	18	247	493
45	19	247	493
45	20	152	304
45	21	247	493
45	22	108	216
45	23	108	216
45	24	175	350
45	25	108	216
45	26	153	307
45	27	126	253
45	28	160	321
45	29	92	185
45	30	126	253
45	31	98	195
45	32	130	260
45	33	85	171
45	34	98	195
45	35	133	265
45	36	92	184
45	37	127	253
45	38	94	189
45	39	92	184
45	40	73	146
45	41	79	158
45	42	80	161
45	43	85	170
45	44	79	158
45	45	0	0
45	46	22	43
45	47	10	19
45	48	69	139
45	49	6	13
45	50	0	0
45	51	77	155
45	52	107	214
45	53	115	229
45	54	80	159
45	55	94	188
45	56	77	155
46	0	107	213
46	1	60	119
46	2	122	244
46	3	83	166
46	4	75	150
46	5	35	70
46	6	60	119
46	7	193	387
46	8	189	378
46	9	162	323
46	10	189	379
46	11	179	358
46	12	193	387
46	13	150	301
46	14	161	323
46	15	147	294
46	16	150	301
46	17	168	335
46	18	231	462
46	19	231	462
46	20	134	268
46	21	231	462
46	22	113	227
46	23	122	245
46	24	189	378
46	25	113	227
46	26	132	265
46	27	107	215
46	28	143	286
46	29	71	142
46	30	107	215
46	31	91	182
46	32	118	237
46	33	65	129
46	34	91	182
46	35	112	224
46	36	84	167
46	37	109	217
46	38	81	161
46	39	84	167
46	40	51	103
46	41	66	132
46	42	59	118
46	43	64	128
46	44	66	132
46	45	22	43
46	46	0	0
46	47	17	34
46	48	62	124
46	49	23	45
46	50	22	43
46	51	58	116
46	52	97	194
46	53	105	211
46	54	60	121
46	55	74	149
46	56	58	116
47	0	108	216
47	1	77	153
47	2	138	277
47	3	98	195
47	4	91	183
47	5	52	104
47	6	77	153
47	7	181	363
47	8	179	359
47	9	152	305
47	10	176	353
47	11	166	333
47	12	181	363
47	13	151	302
47	14	162	324
47	15	149	297
47	16	151	302
47	17	170	340
47	18	237	474
47	19	237	474
47	20	143	286
47	21	237	474
47	22	102	205
47	23	107	213
47	24	174	347
47	25	102	205
47	26	148	298
47	27	118	235
47	28	151	302
47	29	85	171
47	30	118	235
47	31	88	177
47	32	120	241
47	33	78	156
47	34	88	177
47	35	124	249
47	36	83	165
47	37	118	235
47	38	85	170
47	39	83	165
47	40	66	132
47	41	70	139
47	42	75	151
47	43	81	161
47	44	70	139
47	45	10	19
47	46	17	34
47	47	0	0
47	48	73	146
47	49	15	30
47	50	10	19
47	51	69	138
47	52	98	195
47	53	105	211
47	54	71	142
47	55	85	171
47	56	69	138
48	0	161	323
48	1	55	111
48	2	114	228
48	3	101	203
48	4	49	97
48	5	52	104
48	6	55	111
48	7	254	509
48	8	251	502
48	9	224	447
48	10	249	499
48	11	239	479
48	12	254	509
48	13	205	410
48	14	216	431
48	15	200	400
48	16	205	410
48	17	219	439
48	18	272	544
48	19	272	544
48	20	171	343
48	21	272	544
48	22	175	350
48	23	177	354
48	24	244	487
48	25	175	350
48	26	124	248
48	27	143	286
48	28	181	362
48	29	95	189
48	30	143	286
48	31	151	302
48	32	172	344
48	33	95	190
48	34	151	302
48	35	138	275
48	36	142	285
48	37	147	294
48	38	133	266
48	39	142	285
48	40	79	158
48	41	121	242
48	42	71	142
48	43	67	135
48	44	121	242
48	45	69	139
48	46	62	124
48	47	73	146
48	48	0	0
48	49	64	128
48	50	69	139
48	51	98	196
48	52	153	305
48	53	162	324
48	54	100	201
48	55	110	221
48	56	98	196
49	0	123	245
49	1	78	156
49	2	142	285
49	3	105	210
49	4	90	179
49	5	54	109
49	6	78	156
49	7	192	384
49	8	192	385
49	9	165	331
49	10	186	373
49	11	177	354
49	12	192	384
49	13	166	332
49	14	177	354
49	15	163	326
49	16	166	332
49	17	185	369
49	18	251	502
49	19	251	502
49	20	156	311
49	21	251	502
49	22	114	229
49	23	113	226
49	24	180	360
49	25	114	229
49	26	152	305
49	27	129	259
49	28	164	328
49	29	94	187
49	30	129	259
49	31	103	207
49	32	135	270
49	33	87	174
49	34	103	207
49	35	135	269
49	36	98	195
49	37	130	260
49	38	99	198
49	39	98	195
49	40	74	147
49	41	84	168
49	42	80	160
49	43	84	168
49	44	84	168
49	45	6	13
49	46	23	45
49	47	15	30
49	48	64	128
49	49	0	0
49	50	6	13
49	51	80	160
49	52	112	225
49	53	120	240
49	54	82	165
49	55	96	193
49	56	80	160
50	0	117	235
50	1	80	159
50	2	143	287
50	3	105	209
50	4	93	185
50	5	56	111
50	6	80	159
50	7	186	372
50	8	186	373
50	9	159	318
50	10	180	361
50	11	171	342
50	12	186	372
50	13	161	321
50	14	172	343
50	15	158	316
50	16	161	321
50	17	179	359
50	18	247	493
50	19	247	493
50	20	152	304
50	21	247	493
50	22	108	216
50	23	108	216
50	24	175	350
50	25	108	216
50	26	153	307
50	27	126	253
50	28	160	321
50	29	92	185
50	30	126	253
50	31	98	195
50	32	130	260
50	33	85	171
50	34	98	195
50	35	133	265
50	36	92	184
50	37	127	253
50	38	94	189
50	39	92	184
50	40	73	146
50	41	79	158
50	42	80	161
50	43	85	170
50	44	79	158
50	45	0	0
50	46	22	43
50	47	10	19
50	48	69	139
50	49	6	13
50	50	0	0
50	51	77	155
50	52	107	214
50	53	115	229
50	54	80	159
50	55	94	188
50	56	77	155
51	0	68	136
51	1	55	109
51	2	87	175
51	3	37	73
51	4	77	153
51	5	46	92
51	6	55	109
51	7	196	391
51	8	178	357
51	9	153	306
51	10	196	392
51	11	183	367
51	12	196	391
51	13	109	218
51	14	120	239
51	15	104	208
51	16	109	218
51	17	122	244
51	18	176	353
51	19	176	353
51	20	77	154
51	21	176	353
51	22	118	236
51	23	149	298
51	24	210	421
51	25	118	236
51	26	96	193
51	27	50	100
51	28	86	172
51	29	25	51
51	30	50	100
51	31	69	139
51	32	77	154
51	33	14	29
51	34	69	139
51	35	56	112
51	36	59	118
51	37	52	103
51	38	40	79
51	39	59	118
51	40	22	43
51	41	34	68
51	42	38	75
51	43	47	94
51	44	34	68
51	45	77	155
51	46	58	116
51	47	69	138
51	48	98	196
51	49	80	160
51	50	77	155
51	51	0	0
51	52	62	124
51	53	72	143
51	54	3	5
51	55	17	33
51	56	0	0
52	0	11	21
52	1	116	232
52	2	141	281
52	3	90	180
52	4	138	276
52	5	103	206
52	6	116	232
52	7	144	289
52	8	120	241
52	9	97	194
52	10	148	296
52	11	135	269
52	12	144	289
52	13	54	108
52	14	65	130
52	15	51	102
52	16	54	108
52	17	73	145
52	18	145	290
52	19	145	290
52	20	70	141
52	21	145	290
52	22	78	156
52	23	125	250
52	24	174	348
52	25	78	156
52	26	147	295
52	27	62	124
52	28	74	148
52	29	83	166
52	30	62	124
52	31	20	41
52	32	23	46
52	33	74	147
52	34	20	41
52	35	83	167
52	36	17	35
52	37	55	111
52	38	23	45
52	39	17	35
52	40	83	167
52	41	32	64
52	42	99	199
52	43	108	217
52	44	32	64
52	45	107	214
52	46	97	194
52	47	98	195
52	48	153	305
52	49	112	225
52	50	107	214
52	51	62	124
52	52	0	0
52	53	10	19
52	54	60	121
52	55	61	123
52	56	62	124
53	0	9	18
53	1	126	251
53	2	149	299
53	3	99	198
53	4	148	295
53	5	112	225
53	6	126	251
53	7	138	275
53	8	112	224
53	9	90	179
53	10	142	284
53	11	129	257
53	12	138	275
53	13	46	92
53	14	57	114
53	15	44	88
53	16	46	92
53	17	66	132
53	18	141	282
53	19	141	282
53	20	73	146
53	21	141	282
53	22	75	151
53	23	125	249
53	24	170	341
53	25	75	151
53	26	156	311
53	27	68	137
53	28	75	151
53	29	92	184
53	30	68	137
53	31	22	43
53	32	19	38
53	33	83	166
53	34	22	43
53	35	90	181
53	36	23	46
53	37	61	122
53	38	32	64
53	39	23	46
53	40	93	186
53	41	41	83
53	42	109	218
53	43	118	236
53	44	41	83
53	45	115	229
53	46	105	211
53	47	105	211
53	48	162	324
53	49	120	240
53	50	115	229
53	51	72	143
53	52	10	19
53	53	0	0
53	54	70	140
53	55	71	141
53	56	72	143
54	0	66	132
54	1	56	113
54	2	87	175
54	3	36	72
54	4	78	157
54	5	48	97
54	6	56	113
54	7	195	391
54	8	177	355
54	9	152	304
54	10	196	392
54	11	183	367
54	12	195	391
54	13	107	214
54	14	118	235
54	15	102	204
54	16	107	214
54	17	120	239
54	18	174	348
54	19	174	348
54	20	75	149
54	21	174	348
54	22	118	237
54	23	150	300
54	24	211	422
54	25	118	237
54	26	96	192
54	27	47	95
54	28	83	167
54	29	25	50
54	30	47	95
54	31	68	137
54	32	75	150
54	33	15	29
54	34	68	137
54	35	53	107
54	36	58	116
54	37	49	98
54	38	38	76
54	39	58	116
54	40	24	47
54	41	33	67
54	42	39	78
54	43	48	97
54	44	33	67
54	45	80	159
54	46	60	121
54	47	71	142
54	48	100	201
54	49	82	165
54	50	80	159
54	51	3	5
54	52	60	121
54	53	70	140
54	54	0	0
54	55	14	29
54	56	3	5
55	0	65	130
55	1	61	123
55	2	80	161
55	3	29	58
55	4	83	165
55	5	59	117
55	6	61	123
55	7	201	403
55	8	181	362
55	9	157	314
55	10	203	407
55	11	190	381
55	12	201	403
55	13	103	205
55	14	112	225
55	15	97	193
55	16	103	205
55	17	113	226
55	18	162	325
55	19	162	325
55	20	62	124
55	21	162	325
55	22	126	253
55	23	162	323
55	24	221	442
55	25	126	253
55	26	88	176
55	27	34	68
55	28	71	143
55	29	22	44
55	30	34	68
55	31	73	147
55	32	72	143
55	33	16	31
55	34	73	147
55	35	39	79
55	36	63	126
55	37	37	74
55	38	40	79
55	39	63	126
55	40	31	63
55	41	40	81
55	42	43	86
55	43	52	103
55	44	40	81
55	45	94	188
55	46	74	149
55	47	85	171
55	48	110	221
55	49	96	193
55	50	94	188
55	51	17	33
55	52	61	123
55	53	71	141
55	54	14	29
55	55	0	0
55	56	17	33
56	0	68	136
56	1	55	109
56	2	87	175
56	3	37	73
56	4	77	153
56	5	46	92
56	6	55	109
56	7	196	391
56	8	178	357
56	9	153	306
56	10	196	392
56	11	183	367
56	12	196	391
56	13	109	218
56	14	120	239
56	15	104	208
56	16	109	218
56	17	122	244
56	18	176	353
56	19	176	353
56	20	77	154
56	21	176	353
56	22	118	236
56	23	149	298
56	24	210	421
56	25	118	236
56	26	96	193
56	27	50	100
56	28	86	172
56	29	25	51
56	30	50	100
56	31	69	139
56	32	77	154
56	33	14	29
56	34	69	139
56	35	56	112
56	36	59	118
56	37	52	103
56	38	40	79
56	39	59	118
56	40	22	43
56	41	34	68
56	42	38	75
56	43	47	94
56	44	34	68
56	45	77	155
56	46	58	116
56	47	69	138
56	48	98	196
56	49	80	160
56	50	77	155
56	51	0	0
56	52	62	124
56	53	72	143
56	54	3	5
56	55	17	33
56	56	0	0
</TRAVEL_COSTS_TIMES>
