<NB_CUSTOMERS>15</NB_CUSTOMERS>
<NB_LOCATIONS>62</NB_LOCATIONS>
<NB_VEHICLES>20</NB_VEHICLES>
<VEHICLE_CAPACITY>750</VEHICLE_CAPACITY>
<EXTERNAL_VEHICLE_COST>4100</EXTERNAL_VEHICLE_COST>
<DEPOT>	ID	DEMAND	NBLOC	LOCS
0	0	1		0
</DEPOT>
<CUSTOMERS>	ID	DEMAND	NBLOC	LOCS
1	75	5			1	2	3	4	5
2	52	5			6	7	8	9	10
3	51	1			11
4	29	4			12	13	14	15
5	47	4			16	17	18	19
6	47	6			20	21	22	23	24	25
7	49	1			26
8	64	5			27	28	29	30	31
9	51	6			32	33	34	35	36	37
10	53	5			38	39	40	41	42
11	48	5			43	44	45	46	47
12	40	5			48	49	50	51	52
13	57	4			53	54	55	56
14	58	4			57	58	59	60
15	29	1			61
</CUSTOMERS>
<LOCATIONS>	ID	x	y	TWE	TWL
0	0	0	0	720
1	-16.2894	-67.6835	0	46
2	56.2532	-69.2579	191	264
3	-14.1871	-52.9824	409	430
4	22.5745	-57.9809	504	602
5	-16.2894	-67.6835	682	720
6	32.2839	-0.802939	0	1
7	-6.78723	-5.68872	80	139
8	104.176	-42.3456	373	415
9	110.365	-12.9202	475	489
10	32.2839	-0.802939	647	720
11	-31.9656	-20.3051	0	720
12	-14.5949	19.1364	0	4
13	-57.7078	-9.25363	107	111
14	-10.4808	76.228	306	560
15	-14.5949	19.1364	674	720
16	142.989	22.4091	0	35
17	156.141	3.65132	81	315
18	137.601	34.774	387	393
19	142.989	22.4091	420	720
20	2.29964	-2.57845	0	40
21	2.96105	12.7764	71	253
22	73.5109	-6.48697	399	404
23	4.91897	-8.76835	541	587
24	15.1757	-15.5995	612	653
25	2.29964	-2.57845	690	720
26	-32.1825	139.094	0	720
27	-0.911724	3.03036	0	20
28	17.1282	25.6984	78	142
29	-7.04456	-5.0946	220	329
30	23.3566	-11.7091	391	436
31	-0.911724	3.03036	493	720
32	-16.4415	-41.8634	0	45
33	-9.85375	-45.0703	60	80
34	12.4156	-28.9013	135	170
35	11.653	-28.1089	172	399
36	-14.6383	-40.8125	457	571
37	-16.4415	-41.8634	575	720
38	-47.5257	65.2348	0	15
39	-63.078	17.2328	116	120
40	-85.598	130.698	351	353
41	-50.9922	12.1975	600	602
42	-47.5257	65.2348	708	720
43	-35.2727	162.006	0	91
44	-8.8812	166.803	145	178
45	-27.9203	121.986	275	358
46	22.7709	122.342	459	519
47	-35.2727	162.006	660	720
48	76.0003	-54.1646	0	21
49	77.3666	-51.6681	27	35
50	68.7477	-69.8771	75	159
51	7.80097	-69.6131	281	422
52	76.0003	-54.1646	562	720
53	-11.622	101.521	0	58
54	-72.2891	24.6514	254	290
55	47.0502	77.5566	551	556
56	-11.622	101.521	683	720
57	11.2304	8.6885	0	112
58	5.29131	-51.3655	233	240
59	16.3794	8.92172	363	495
60	11.2304	8.6885	505	720
61	-41.5747	22.0261	0	720
</LOCATIONS>
<TRAVEL_COSTS_TIMES>	IDFROM	IDTO	COST	TIME
0	0	0	0
0	1	70	139
0	2	89	178
0	3	55	110
0	4	62	124
0	5	70	139
0	6	32	65
0	7	9	18
0	8	112	225
0	9	111	222
0	10	32	65
0	11	38	75
0	12	24	48
0	13	58	117
0	14	77	154
0	15	24	48
0	16	145	289
0	17	156	312
0	18	142	284
0	19	145	289
0	20	3	7
0	21	13	26
0	22	74	148
0	23	10	20
0	24	21	44
0	25	3	7
0	26	143	285
0	27	3	6
0	28	31	62
0	29	9	17
0	30	26	52
0	31	3	6
0	32	45	90
0	33	46	92
0	34	31	63
0	35	30	61
0	36	43	87
0	37	45	90
0	38	81	161
0	39	65	131
0	40	156	312
0	41	52	105
0	42	81	161
0	43	166	331
0	44	167	334
0	45	125	250
0	46	124	249
0	47	166	331
0	48	93	187
0	49	93	186
0	50	97	196
0	51	70	140
0	52	93	187
0	53	102	204
0	54	76	153
0	55	91	181
0	56	102	204
0	57	14	28
0	58	52	103
0	59	19	37
0	60	14	28
0	61	47	94
1	0	70	139
1	1	0	0
1	2	72	145
1	3	15	30
1	4	40	80
1	5	0	0
1	6	82	165
1	7	63	125
1	8	123	246
1	9	138	276
1	10	82	165
1	11	50	100
1	12	87	174
1	13	72	143
1	14	144	288
1	15	87	174
1	16	183	366
1	17	187	373
1	18	185	369
1	19	183	366
1	20	68	135
1	21	82	165
1	22	109	217
1	23	63	125
1	24	61	122
1	25	68	135
1	26	207	415
1	27	72	145
1	28	99	198
1	29	63	126
1	30	68	137
1	31	72	145
1	32	26	52
1	33	24	47
1	34	48	96
1	35	48	97
1	36	27	54
1	37	26	52
1	38	137	273
1	39	97	194
1	40	210	420
1	41	87	174
1	42	137	273
1	43	230	461
1	44	234	469
1	45	190	380
1	46	193	388
1	47	230	461
1	48	93	187
1	49	95	190
1	50	85	170
1	51	24	48
1	52	93	187
1	53	169	339
1	54	108	216
1	55	158	317
1	56	169	339
1	57	81	162
1	58	27	54
1	59	83	167
1	60	81	162
1	61	93	186
2	0	89	178
2	1	72	145
2	2	0	0
2	3	72	145
2	4	36	71
2	5	72	145
2	6	73	145
2	7	90	179
2	8	55	110
2	9	78	156
2	10	73	145
2	11	101	202
2	12	113	226
2	13	129	258
2	14	160	320
2	15	113	226
2	16	126	252
2	17	123	247
2	18	132	264
2	19	126	252
2	20	86	172
2	21	98	196
2	22	65	130
2	23	79	159
2	24	68	135
2	25	86	172
2	26	226	452
2	27	92	184
2	28	103	205
2	29	90	180
2	30	66	133
2	31	92	184
2	32	77	155
2	33	70	141
2	34	60	119
2	35	61	121
2	36	76	153
2	37	77	155
2	38	170	339
2	39	147	295
2	40	245	490
2	41	135	269
2	42	170	339
2	43	249	497
2	44	245	490
2	45	209	418
2	46	195	389
2	47	249	497
2	48	25	50
2	49	27	55
2	50	13	25
2	51	48	97
2	52	25	50
2	53	184	367
2	54	159	318
2	55	147	294
2	56	184	367
2	57	90	180
2	58	54	108
2	59	88	176
2	60	90	180
2	61	134	267
3	0	55	110
3	1	15	30
3	2	72	145
3	3	0	0
3	4	37	74
3	5	15	30
3	6	70	140
3	7	48	96
3	8	119	238
3	9	131	262
3	10	70	140
3	11	37	74
3	12	72	144
3	13	62	123
3	14	129	258
3	15	72	144
3	16	174	349
3	17	179	359
3	18	175	351
3	19	174	349
3	20	53	106
3	21	68	136
3	22	99	199
3	23	48	96
3	24	48	95
3	25	53	106
3	26	193	386
3	27	58	115
3	28	85	169
3	29	48	97
3	30	56	112
3	31	58	115
3	32	11	23
3	33	9	18
3	34	36	72
3	35	36	72
3	36	12	24
3	37	11	23
3	38	123	246
3	39	86	171
3	40	197	394
3	41	75	149
3	42	123	246
3	43	216	432
3	44	219	439
3	45	175	351
3	46	179	358
3	47	216	432
3	48	90	180
3	49	92	183
3	50	85	169
3	51	28	55
3	52	90	180
3	53	154	309
3	54	97	194
3	55	144	288
3	56	154	309
3	57	67	133
3	58	20	39
3	59	69	138
3	60	67	133
3	61	80	160
4	0	62	124
4	1	40	80
4	2	36	71
4	3	37	74
4	4	0	0
4	5	40	80
4	6	58	116
4	7	60	120
4	8	83	166
4	9	99	197
4	10	58	116
4	11	66	133
4	12	86	171
4	13	94	188
4	14	138	276
4	15	86	171
4	16	145	290
4	17	147	294
4	18	148	296
4	19	145	290
4	20	59	118
4	21	73	147
4	22	72	145
4	23	52	105
4	24	43	86
4	25	59	118
4	26	204	409
4	27	65	130
4	28	84	168
4	29	61	121
4	30	46	93
4	31	65	130
4	32	42	84
4	33	35	70
4	34	31	62
4	35	32	64
4	36	41	82
4	37	42	84
4	38	142	283
4	39	114	228
4	40	217	434
4	41	102	203
4	42	142	283
4	43	227	455
4	44	227	454
4	45	186	374
4	46	180	361
4	47	227	455
4	48	54	107
4	49	55	110
4	50	48	95
4	51	19	38
4	52	54	107
4	53	163	326
4	54	126	252
4	55	138	275
4	56	163	326
4	57	68	135
4	58	19	37
4	59	67	134
4	60	68	135
4	61	103	205
5	0	70	139
5	1	0	0
5	2	72	145
5	3	15	30
5	4	40	80
5	5	0	0
5	6	82	165
5	7	63	125
5	8	123	246
5	9	138	276
5	10	82	165
5	11	50	100
5	12	87	174
5	13	72	143
5	14	144	288
5	15	87	174
5	16	183	366
5	17	187	373
5	18	185	369
5	19	183	366
5	20	68	135
5	21	82	165
5	22	109	217
5	23	63	125
5	24	61	122
5	25	68	135
5	26	207	415
5	27	72	145
5	28	99	198
5	29	63	126
5	30	68	137
5	31	72	145
5	32	26	52
5	33	24	47
5	34	48	96
5	35	48	97
5	36	27	54
5	37	26	52
5	38	137	273
5	39	97	194
5	40	210	420
5	41	87	174
5	42	137	273
5	43	230	461
5	44	234	469
5	45	190	380
5	46	193	388
5	47	230	461
5	48	93	187
5	49	95	190
5	50	85	170
5	51	24	48
5	52	93	187
5	53	169	339
5	54	108	216
5	55	158	317
5	56	169	339
5	57	81	162
5	58	27	54
5	59	83	167
5	60	81	162
5	61	93	186
6	0	32	65
6	1	82	165
6	2	73	145
6	3	70	140
6	4	58	116
6	5	82	165
6	6	0	0
6	7	39	79
6	8	83	166
6	9	79	158
6	10	0	0
6	11	67	134
6	12	51	101
6	13	90	181
6	14	88	176
6	15	51	101
6	16	113	226
6	17	124	248
6	18	111	222
6	19	113	226
6	20	30	60
6	21	32	64
6	22	42	83
6	23	29	57
6	24	23	45
6	25	30	60
6	26	154	308
6	27	33	67
6	28	31	61
6	29	40	79
6	30	14	28
6	31	33	67
6	32	64	127
6	33	61	122
6	34	34	69
6	35	34	68
6	36	62	123
6	37	64	127
6	38	104	207
6	39	97	194
6	40	177	353
6	41	84	169
6	42	104	207
6	43	176	353
6	44	173	345
6	45	137	274
6	46	124	247
6	47	176	353
6	48	69	138
6	49	68	136
6	50	78	156
6	51	73	146
6	52	69	138
6	53	111	223
6	54	108	215
6	55	80	159
6	56	111	223
6	57	23	46
6	58	57	115
6	59	19	37
6	60	23	46
6	61	77	155
7	0	9	18
7	1	63	125
7	2	90	179
7	3	48	96
7	4	60	120
7	5	63	125
7	6	39	79
7	7	0	0
7	8	117	234
7	9	117	235
7	10	39	79
7	11	29	58
7	12	26	52
7	13	51	102
7	14	82	164
7	15	26	52
7	16	152	305
7	17	163	326
7	18	150	300
7	19	152	305
7	20	10	19
7	21	21	42
7	22	80	161
7	23	12	24
7	24	24	48
7	25	10	19
7	26	147	294
7	27	11	21
7	28	39	79
7	29	1	1
7	30	31	61
7	31	11	21
7	32	37	75
7	33	40	79
7	34	30	60
7	35	29	58
7	36	36	72
7	37	37	75
7	38	82	163
7	39	61	121
7	40	158	314
7	41	48	95
7	42	82	163
7	43	170	340
7	44	172	345
7	45	129	259
7	46	131	263
7	47	170	340
7	48	96	192
7	49	96	192
7	50	99	198
7	51	65	131
7	52	96	192
7	53	107	214
7	54	72	144
7	55	99	198
7	56	107	214
7	57	23	46
7	58	47	94
7	59	27	55
7	60	23	46
7	61	44	89
8	0	112	225
8	1	123	246
8	2	55	110
8	3	119	238
8	4	83	166
8	5	123	246
8	6	83	166
8	7	117	234
8	8	0	0
8	9	30	60
8	10	83	166
8	11	138	275
8	12	134	267
8	13	165	330
8	14	165	330
8	15	134	267
8	16	75	151
8	17	69	139
8	18	84	168
8	19	75	151
8	20	109	219
8	21	115	230
8	22	47	94
8	23	105	210
8	24	93	186
8	25	109	219
8	26	227	454
8	27	114	229
8	28	110	221
8	29	117	235
8	30	86	173
8	31	114	229
8	32	121	241
8	33	114	228
8	34	93	185
8	35	94	187
8	36	119	238
8	37	121	241
8	38	186	372
8	39	177	355
8	40	257	514
8	41	164	329
8	42	186	372
8	43	247	495
8	44	238	475
8	45	211	421
8	46	184	367
8	47	247	495
8	48	31	61
8	49	28	57
8	50	45	90
8	51	100	200
8	52	31	61
8	53	185	369
8	54	188	378
8	55	133	266
8	56	185	369
8	57	106	212
8	58	99	199
8	59	102	203
8	60	106	212
8	61	159	319
9	0	111	222
9	1	138	276
9	2	78	156
9	3	131	262
9	4	99	197
9	5	138	276
9	6	79	158
9	7	117	235
9	8	30	60
9	9	0	0
9	10	79	158
9	11	142	285
9	12	129	258
9	13	168	336
9	14	150	300
9	15	129	258
9	16	48	96
9	17	49	97
9	18	55	110
9	19	48	96
9	20	108	217
9	21	110	221
9	22	37	75
9	23	106	211
9	24	95	190
9	25	108	217
9	26	208	417
9	27	112	225
9	28	101	202
9	29	118	235
9	30	87	174
9	31	112	225
9	32	130	260
9	33	124	249
9	34	99	198
9	35	100	200
9	36	128	256
9	37	130	260
9	38	176	352
9	39	176	352
9	40	243	486
9	41	163	327
9	42	176	352
9	43	228	455
9	44	215	431
9	45	193	386
9	46	161	322
9	47	228	455
9	48	54	107
9	49	51	102
9	50	71	141
9	51	117	234
9	52	54	107
9	53	167	335
9	54	186	373
9	55	110	221
9	56	167	335
9	57	101	203
9	58	112	224
9	59	96	193
9	60	101	203
9	61	155	312
10	0	32	65
10	1	82	165
10	2	73	145
10	3	70	140
10	4	58	116
10	5	82	165
10	6	0	0
10	7	39	79
10	8	83	166
10	9	79	158
10	10	0	0
10	11	67	134
10	12	51	101
10	13	90	181
10	14	88	176
10	15	51	101
10	16	113	226
10	17	124	248
10	18	111	222
10	19	113	226
10	20	30	60
10	21	32	64
10	22	42	83
10	23	29	57
10	24	23	45
10	25	30	60
10	26	154	308
10	27	33	67
10	28	31	61
10	29	40	79
10	30	14	28
10	31	33	67
10	32	64	127
10	33	61	122
10	34	34	69
10	35	34	68
10	36	62	123
10	37	64	127
10	38	104	207
10	39	97	194
10	40	177	353
10	41	84	169
10	42	104	207
10	43	176	353
10	44	173	345
10	45	137	274
10	46	124	247
10	47	176	353
10	48	69	138
10	49	68	136
10	50	78	156
10	51	73	146
10	52	69	138
10	53	111	223
10	54	108	215
10	55	80	159
10	56	111	223
10	57	23	46
10	58	57	115
10	59	19	37
10	60	23	46
10	61	77	155
11	0	38	75
11	1	50	100
11	2	101	202
11	3	37	74
11	4	66	133
11	5	50	100
11	6	67	134
11	7	29	58
11	8	138	275
11	9	142	285
11	10	67	134
11	11	0	0
11	12	43	86
11	13	28	56
11	14	99	198
11	15	43	86
11	16	180	360
11	17	189	379
11	18	178	356
11	19	180	360
11	20	39	77
11	21	48	96
11	22	106	213
11	23	39	77
11	24	47	95
11	25	39	77
11	26	159	319
11	27	39	78
11	28	67	134
11	29	29	58
11	30	56	112
11	31	39	78
11	32	27	53
11	33	33	66
11	34	45	90
11	35	44	89
11	36	27	54
11	37	27	53
11	38	87	174
11	39	49	98
11	40	160	320
11	41	38	75
11	42	87	174
11	43	182	365
11	44	189	377
11	45	142	285
11	46	153	306
11	47	182	365
11	48	113	226
11	49	114	227
11	50	112	225
11	51	63	126
11	52	113	226
11	53	124	247
11	54	60	121
11	55	126	252
11	56	124	247
11	57	52	103
11	58	49	97
11	59	56	112
11	60	52	103
11	61	43	87
12	0	24	48
12	1	87	174
12	2	113	226
12	3	72	144
12	4	86	171
12	5	87	174
12	6	51	101
12	7	26	52
12	8	134	267
12	9	129	258
12	10	51	101
12	11	43	86
12	12	0	0
12	13	52	103
12	14	57	114
12	15	0	0
12	16	158	315
12	17	171	343
12	18	153	306
12	19	158	315
12	20	27	55
12	21	19	37
12	22	92	183
12	23	34	68
12	24	45	91
12	25	27	55
12	26	121	242
12	27	21	42
12	28	32	65
12	29	25	51
12	30	49	98
12	31	21	42
12	32	61	122
12	33	64	129
12	34	55	110
12	35	54	108
12	36	60	120
12	37	61	122
12	38	57	113
12	39	49	97
12	40	132	264
12	41	37	74
12	42	57	113
12	43	144	288
12	44	147	295
12	45	104	207
12	46	110	220
12	47	144	288
12	48	117	233
12	49	116	232
12	50	121	244
12	51	91	183
12	52	117	233
12	53	82	165
12	54	58	116
12	55	85	170
12	56	82	165
12	57	28	55
12	58	73	146
12	59	33	65
12	60	28	55
12	61	27	54
13	0	58	117
13	1	72	143
13	2	129	258
13	3	62	123
13	4	94	188
13	5	72	143
13	6	90	181
13	7	51	102
13	8	165	330
13	9	168	336
13	10	90	181
13	11	28	56
13	12	52	103
13	13	0	0
13	14	97	195
13	15	52	103
13	16	203	406
13	17	214	428
13	18	200	400
13	19	203	406
13	20	60	121
13	21	65	129
13	22	131	262
13	23	63	125
13	24	73	146
13	25	60	121
13	26	150	301
13	27	58	116
13	28	83	165
13	29	51	102
13	30	81	162
13	31	58	116
13	32	53	105
13	33	59	120
13	34	73	146
13	35	72	144
13	36	53	107
13	37	53	105
13	38	75	150
13	39	27	54
13	40	143	285
13	41	22	45
13	42	75	150
13	43	173	345
13	44	182	365
13	45	134	269
13	46	154	308
13	47	173	345
13	48	141	282
13	49	142	283
13	50	140	280
13	51	89	178
13	52	141	282
13	53	120	240
13	54	37	74
13	55	136	272
13	56	120	240
13	57	71	142
13	58	75	152
13	59	76	152
13	60	71	142
13	61	35	70
14	0	77	154
14	1	144	288
14	2	160	320
14	3	129	258
14	4	138	276
14	5	144	288
14	6	88	176
14	7	82	164
14	8	165	330
14	9	150	300
14	10	88	176
14	11	99	198
14	12	57	114
14	13	97	195
14	14	0	0
14	15	57	114
14	16	163	325
14	17	182	363
14	18	154	308
14	19	163	325
14	20	80	160
14	21	65	130
14	22	118	236
14	23	86	173
14	24	95	191
14	25	80	160
14	26	67	133
14	27	74	148
14	28	58	115
14	29	81	163
14	30	94	188
14	31	74	148
14	32	118	236
14	33	121	243
14	34	107	215
14	35	106	213
14	36	117	234
14	37	118	236
14	38	39	77
14	39	79	158
14	40	93	186
14	41	76	152
14	42	39	77
14	43	89	179
14	44	90	181
14	45	49	98
14	46	57	114
14	47	89	179
14	48	156	313
14	49	155	310
14	50	166	332
14	51	147	294
14	52	156	313
14	53	25	51
14	54	81	161
14	55	58	115
14	56	25	51
14	57	71	142
14	58	129	257
14	59	72	145
14	60	71	142
14	61	62	125
15	0	24	48
15	1	87	174
15	2	113	226
15	3	72	144
15	4	86	171
15	5	87	174
15	6	51	101
15	7	26	52
15	8	134	267
15	9	129	258
15	10	51	101
15	11	43	86
15	12	0	0
15	13	52	103
15	14	57	114
15	15	0	0
15	16	158	315
15	17	171	343
15	18	153	306
15	19	158	315
15	20	27	55
15	21	19	37
15	22	92	183
15	23	34	68
15	24	45	91
15	25	27	55
15	26	121	242
15	27	21	42
15	28	32	65
15	29	25	51
15	30	49	98
15	31	21	42
15	32	61	122
15	33	64	129
15	34	55	110
15	35	54	108
15	36	60	120
15	37	61	122
15	38	57	113
15	39	49	97
15	40	132	264
15	41	37	74
15	42	57	113
15	43	144	288
15	44	147	295
15	45	104	207
15	46	110	220
15	47	144	288
15	48	117	233
15	49	116	232
15	50	121	244
15	51	91	183
15	52	117	233
15	53	82	165
15	54	58	116
15	55	85	170
15	56	82	165
15	57	28	55
15	58	73	146
15	59	33	65
15	60	28	55
15	61	27	54
16	0	145	289
16	1	183	366
16	2	126	252
16	3	174	349
16	4	145	290
16	5	183	366
16	6	113	226
16	7	152	305
16	8	75	151
16	9	48	96
16	10	113	226
16	11	180	360
16	12	158	315
16	13	203	406
16	14	163	325
16	15	158	315
16	16	0	0
16	17	23	46
16	18	13	27
16	19	0	0
16	20	143	286
16	21	140	281
16	22	75	150
16	23	142	283
16	24	133	267
16	25	143	286
16	26	210	421
16	27	145	290
16	28	126	252
16	29	153	305
16	30	124	249
16	31	145	290
16	32	172	343
16	33	167	334
16	34	140	280
16	35	141	281
16	36	170	339
16	37	172	343
16	38	195	391
16	39	206	412
16	40	253	506
16	41	194	389
16	42	195	391
16	43	226	453
16	44	210	419
16	45	198	395
16	46	156	313
16	47	226	453
16	48	102	203
16	49	99	198
16	50	118	237
16	51	164	327
16	52	102	203
16	53	174	347
16	54	215	431
16	55	111	221
16	56	174	347
16	57	132	265
16	58	156	312
16	59	127	255
16	60	132	265
16	61	185	369
17	0	156	312
17	1	187	373
17	2	123	247
17	3	179	359
17	4	147	294
17	5	187	373
17	6	124	248
17	7	163	326
17	8	69	139
17	9	49	97
17	10	124	248
17	11	189	379
17	12	171	343
17	13	214	428
17	14	182	363
17	15	171	343
17	16	23	46
17	17	0	0
17	18	36	72
17	19	23	46
17	20	154	308
17	21	153	307
17	22	83	167
17	23	152	303
17	24	142	285
17	25	154	308
17	26	232	464
17	27	157	314
17	28	141	282
17	29	163	327
17	30	133	267
17	31	157	314
17	32	178	357
17	33	173	346
17	34	147	295
17	35	148	296
17	36	176	353
17	37	178	357
17	38	213	426
17	39	219	439
17	40	273	546
17	41	207	415
17	42	213	426
17	43	248	497
17	44	232	464
17	45	219	438
17	46	179	357
17	47	248	497
17	48	99	198
17	49	96	193
17	50	114	228
17	51	165	331
17	52	99	198
17	53	194	388
17	54	229	459
17	55	132	264
17	56	194	388
17	57	145	290
17	58	161	321
17	59	140	280
17	60	145	290
17	61	198	397
18	0	142	284
18	1	185	369
18	2	132	264
18	3	175	351
18	4	148	296
18	5	185	369
18	6	111	222
18	7	150	300
18	8	84	168
18	9	55	110
18	10	111	222
18	11	178	356
18	12	153	306
18	13	200	400
18	14	154	308
18	15	153	306
18	16	13	27
18	17	36	72
18	18	0	0
18	19	13	27
18	20	140	281
18	21	136	273
18	22	76	152
18	23	140	279
18	24	132	265
18	25	140	281
18	26	199	399
18	27	142	284
18	28	121	242
18	29	150	300
18	30	123	247
18	31	142	284
18	32	172	344
18	33	168	335
18	34	140	281
18	35	141	282
18	36	170	340
18	37	172	344
18	38	188	375
18	39	201	403
18	40	243	486
18	41	190	380
18	42	188	375
18	43	214	429
18	44	197	394
18	45	187	374
18	46	144	289
18	47	214	429
18	48	108	216
18	49	105	211
18	50	125	251
18	51	167	333
18	52	108	216
18	53	163	327
18	54	210	420
18	55	100	200
18	56	163	327
18	57	129	258
18	58	158	315
18	59	124	248
18	60	129	258
18	61	180	359
19	0	145	289
19	1	183	366
19	2	126	252
19	3	174	349
19	4	145	290
19	5	183	366
19	6	113	226
19	7	152	305
19	8	75	151
19	9	48	96
19	10	113	226
19	11	180	360
19	12	158	315
19	13	203	406
19	14	163	325
19	15	158	315
19	16	0	0
19	17	23	46
19	18	13	27
19	19	0	0
19	20	143	286
19	21	140	281
19	22	75	150
19	23	142	283
19	24	133	267
19	25	143	286
19	26	210	421
19	27	145	290
19	28	126	252
19	29	153	305
19	30	124	249
19	31	145	290
19	32	172	343
19	33	167	334
19	34	140	280
19	35	141	281
19	36	170	339
19	37	172	343
19	38	195	391
19	39	206	412
19	40	253	506
19	41	194	389
19	42	195	391
19	43	226	453
19	44	210	419
19	45	198	395
19	46	156	313
19	47	226	453
19	48	102	203
19	49	99	198
19	50	118	237
19	51	164	327
19	52	102	203
19	53	174	347
19	54	215	431
19	55	111	221
19	56	174	347
19	57	132	265
19	58	156	312
19	59	127	255
19	60	132	265
19	61	185	369
20	0	3	7
20	1	68	135
20	2	86	172
20	3	53	106
20	4	59	118
20	5	68	135
20	6	30	60
20	7	10	19
20	8	109	219
20	9	108	217
20	10	30	60
20	11	39	77
20	12	27	55
20	13	60	121
20	14	80	160
20	15	27	55
20	16	143	286
20	17	154	308
20	18	140	281
20	19	143	286
20	20	0	0
20	21	15	31
20	22	71	143
20	23	7	13
20	24	18	37
20	25	0	0
20	26	146	291
20	27	6	13
20	28	32	64
20	29	10	19
20	30	23	46
20	31	6	13
20	32	44	87
20	33	44	88
20	34	28	56
20	35	27	54
20	36	42	84
20	37	44	87
20	38	84	168
20	39	68	137
20	40	159	319
20	41	55	111
20	42	84	168
20	43	169	337
20	44	169	339
20	45	128	256
20	46	126	253
20	47	169	337
20	48	90	180
20	49	90	179
20	50	94	189
20	51	67	135
20	52	90	180
20	53	105	210
20	54	79	159
20	55	92	184
20	56	105	210
20	57	14	29
20	58	49	98
20	59	18	36
20	60	14	29
20	61	50	101
21	0	13	26
21	1	82	165
21	2	98	196
21	3	68	136
21	4	73	147
21	5	82	165
21	6	32	64
21	7	21	42
21	8	115	230
21	9	110	221
21	10	32	64
21	11	48	96
21	12	19	37
21	13	65	129
21	14	65	130
21	15	19	37
21	16	140	281
21	17	153	307
21	18	136	273
21	19	140	281
21	20	15	31
21	21	0	0
21	22	73	146
21	23	22	43
21	24	31	62
21	25	15	31
21	26	131	262
21	27	10	21
21	28	19	38
21	29	20	41
21	30	32	64
21	31	10	21
21	32	58	116
21	33	59	118
21	34	43	85
21	35	42	84
21	36	56	113
21	37	58	116
21	38	73	146
21	39	66	132
21	40	147	295
21	41	54	108
21	42	73	146
21	43	154	308
21	44	154	309
21	45	113	227
21	46	111	223
21	47	154	308
21	48	99	198
21	49	98	197
21	50	106	211
21	51	82	165
21	52	99	198
21	53	90	180
21	54	76	152
21	55	78	157
21	56	90	180
21	57	9	18
21	58	64	128
21	59	14	28
21	60	9	18
21	61	45	91
22	0	74	148
22	1	109	217
22	2	65	130
22	3	99	199
22	4	72	145
22	5	109	217
22	6	42	83
22	7	80	161
22	8	47	94
22	9	37	75
22	10	42	83
22	11	106	213
22	12	92	183
22	13	131	262
22	14	118	236
22	15	92	183
22	16	75	150
22	17	83	167
22	18	76	152
22	19	75	150
22	20	71	143
22	21	73	146
22	22	0	0
22	23	69	137
22	24	59	118
22	25	71	143
22	26	180	360
22	27	75	150
22	28	65	130
22	29	81	161
22	30	50	101
22	31	75	150
22	32	97	193
22	33	92	184
22	34	65	130
22	35	66	131
22	36	95	189
22	37	97	193
22	38	141	281
22	39	139	277
22	40	210	420
22	41	126	252
22	42	141	281
22	43	201	401
22	44	192	384
22	45	164	327
22	46	138	277
22	47	201	401
22	48	48	95
22	49	45	91
22	50	64	127
22	51	91	182
22	52	48	95
22	53	138	275
22	54	149	298
22	55	88	176
22	56	138	275
22	57	64	128
22	58	82	163
22	59	59	118
22	60	64	128
22	61	118	237
23	0	10	20
23	1	63	125
23	2	79	159
23	3	48	96
23	4	52	105
23	5	63	125
23	6	29	57
23	7	12	24
23	8	105	210
23	9	106	211
23	10	29	57
23	11	39	77
23	12	34	68
23	13	63	125
23	14	86	173
23	15	34	68
23	16	142	283
23	17	152	303
23	18	140	279
23	19	142	283
23	20	7	13
23	21	22	43
23	22	69	137
23	23	0	0
23	24	12	25
23	25	7	13
23	26	152	304
23	27	13	26
23	28	37	73
23	29	13	25
23	30	19	37
23	31	13	26
23	32	39	79
23	33	39	78
23	34	21	43
23	35	20	41
23	36	38	75
23	37	39	79
23	38	91	181
23	39	73	145
23	40	166	332
23	41	60	119
23	42	91	181
23	43	175	350
23	44	176	352
23	45	135	269
23	46	132	265
23	47	175	350
23	48	84	169
23	49	84	168
23	50	88	177
23	51	61	122
23	52	84	169
23	53	111	223
23	54	84	168
23	55	96	192
23	56	111	223
23	57	19	37
23	58	43	85
23	59	21	42
23	60	19	37
23	61	56	112
24	0	21	44
24	1	61	122
24	2	68	135
24	3	48	95
24	4	43	86
24	5	61	122
24	6	23	45
24	7	24	48
24	8	93	186
24	9	95	190
24	10	23	45
24	11	47	95
24	12	45	91
24	13	73	146
24	14	95	191
24	15	45	91
24	16	133	267
24	17	142	285
24	18	132	265
24	19	133	267
24	20	18	37
24	21	31	62
24	22	59	118
24	23	12	25
24	24	0	0
24	25	18	37
24	26	162	323
24	27	24	49
24	28	41	83
24	29	25	49
24	30	9	18
24	31	24	49
24	32	41	82
24	33	39	77
24	34	14	27
24	35	13	26
24	36	39	78
24	37	41	82
24	38	102	204
24	39	85	169
24	40	177	355
24	41	72	143
24	42	102	204
24	43	184	369
24	44	184	368
24	45	144	288
24	46	138	276
24	47	184	369
24	48	72	144
24	49	72	144
24	50	76	153
24	51	55	109
24	52	72	144
24	53	120	240
24	54	96	192
24	55	98	197
24	56	120	240
24	57	25	49
24	58	37	74
24	59	25	49
24	60	25	49
24	61	68	136
25	0	3	7
25	1	68	135
25	2	86	172
25	3	53	106
25	4	59	118
25	5	68	135
25	6	30	60
25	7	10	19
25	8	109	219
25	9	108	217
25	10	30	60
25	11	39	77
25	12	27	55
25	13	60	121
25	14	80	160
25	15	27	55
25	16	143	286
25	17	154	308
25	18	140	281
25	19	143	286
25	20	0	0
25	21	15	31
25	22	71	143
25	23	7	13
25	24	18	37
25	25	0	0
25	26	146	291
25	27	6	13
25	28	32	64
25	29	10	19
25	30	23	46
25	31	6	13
25	32	44	87
25	33	44	88
25	34	28	56
25	35	27	54
25	36	42	84
25	37	44	87
25	38	84	168
25	39	68	137
25	40	159	319
25	41	55	111
25	42	84	168
25	43	169	337
25	44	169	339
25	45	128	256
25	46	126	253
25	47	169	337
25	48	90	180
25	49	90	179
25	50	94	189
25	51	67	135
25	52	90	180
25	53	105	210
25	54	79	159
25	55	92	184
25	56	105	210
25	57	14	29
25	58	49	98
25	59	18	36
25	60	14	29
25	61	50	101
26	0	143	285
26	1	207	415
26	2	226	452
26	3	193	386
26	4	204	409
26	5	207	415
26	6	154	308
26	7	147	294
26	8	227	454
26	9	208	417
26	10	154	308
26	11	159	319
26	12	121	242
26	13	150	301
26	14	67	133
26	15	121	242
26	16	210	421
26	17	232	464
26	18	199	399
26	19	210	421
26	20	146	291
26	21	131	262
26	22	180	360
26	23	152	304
26	24	162	323
26	25	146	291
26	26	0	0
26	27	140	279
26	28	124	247
26	29	146	293
26	30	161	321
26	31	140	279
26	32	182	363
26	33	185	371
26	34	173	347
26	35	172	345
26	36	181	362
26	37	182	363
26	38	75	151
26	39	125	251
26	40	54	108
26	41	128	257
26	42	75	151
26	43	23	46
26	44	36	72
26	45	18	35
26	46	57	115
26	47	23	46
26	48	221	443
26	49	220	440
26	50	232	464
26	51	212	425
26	52	221	443
26	53	43	86
26	54	121	243
26	55	100	201
26	56	43	86
26	57	137	275
26	58	194	388
26	59	139	278
26	60	137	275
26	61	117	235
27	0	3	6
27	1	72	145
27	2	92	184
27	3	58	115
27	4	65	130
27	5	72	145
27	6	33	67
27	7	11	21
27	8	114	229
27	9	112	225
27	10	33	67
27	11	39	78
27	12	21	42
27	13	58	116
27	14	74	148
27	15	21	42
27	16	145	290
27	17	157	314
27	18	142	284
27	19	145	290
27	20	6	13
27	21	10	21
27	22	75	150
27	23	13	26
27	24	24	49
27	25	6	13
27	26	140	279
27	27	0	0
27	28	29	58
27	29	10	20
27	30	28	57
27	31	0	0
27	32	48	95
27	33	49	98
27	34	34	69
27	35	33	67
27	36	46	92
27	37	48	95
27	38	78	155
27	39	64	128
27	40	153	306
27	41	51	102
27	42	78	155
27	43	163	325
27	44	164	328
27	45	122	244
27	46	121	243
27	47	163	325
27	48	96	192
27	49	95	191
27	50	100	202
27	51	73	146
27	52	96	192
27	53	99	198
27	54	75	149
27	55	88	177
27	56	99	198
27	57	13	27
27	58	55	109
27	59	18	37
27	60	13	27
27	61	45	90
28	0	31	62
28	1	99	198
28	2	103	205
28	3	85	169
28	4	84	168
28	5	99	198
28	6	31	61
28	7	39	79
28	8	110	221
28	9	101	202
28	10	31	61
28	11	67	134
28	12	32	65
28	13	83	165
28	14	58	115
28	15	32	65
28	16	126	252
28	17	141	282
28	18	121	242
28	19	126	252
28	20	32	64
28	21	19	38
28	22	65	130
28	23	37	73
28	24	41	83
28	25	32	64
28	26	124	247
28	27	29	58
28	28	0	0
28	29	39	78
28	30	38	76
28	31	29	58
28	32	75	151
28	33	76	151
28	34	55	110
28	35	54	108
28	36	74	147
28	37	75	151
28	38	76	152
28	39	81	161
28	40	147	294
28	41	69	139
28	42	76	152
28	43	146	292
28	44	143	287
28	45	106	213
28	46	97	194
28	47	146	292
28	48	99	198
28	49	98	196
28	50	109	217
28	51	96	191
28	52	99	198
28	53	81	162
28	54	89	179
28	55	60	120
28	56	81	162
28	57	18	36
28	58	78	156
28	59	17	34
28	60	18	36
28	61	59	118
29	0	9	17
29	1	63	126
29	2	90	180
29	3	48	97
29	4	61	121
29	5	63	126
29	6	40	79
29	7	1	1
29	8	117	235
29	9	118	235
29	10	40	79
29	11	29	58
29	12	25	51
29	13	51	102
29	14	81	163
29	15	25	51
29	16	153	305
29	17	163	327
29	18	150	300
29	19	153	305
29	20	10	19
29	21	20	41
29	22	81	161
29	23	13	25
29	24	25	49
29	25	10	19
29	26	146	293
29	27	10	20
29	28	39	78
29	29	0	0
29	30	31	62
29	31	10	20
29	32	38	76
29	33	40	80
29	34	31	61
29	35	30	59
29	36	37	73
29	37	38	76
29	38	81	162
29	39	60	120
29	40	157	313
29	41	47	94
29	42	81	162
29	43	169	339
29	44	171	344
29	45	129	258
29	46	131	262
29	47	169	339
29	48	96	193
29	49	96	193
29	50	100	199
29	51	66	132
29	52	96	193
29	53	106	213
29	54	72	143
29	55	98	197
29	56	106	213
29	57	23	45
29	58	48	95
29	59	27	54
29	60	23	45
29	61	44	88
30	0	26	52
30	1	68	137
30	2	66	133
30	3	56	112
30	4	46	93
30	5	68	137
30	6	14	28
30	7	31	61
30	8	86	173
30	9	87	174
30	10	14	28
30	11	56	112
30	12	49	98
30	13	81	162
30	14	94	188
30	15	49	98
30	16	124	249
30	17	133	267
30	18	123	247
30	19	124	249
30	20	23	46
30	21	32	64
30	22	50	101
30	23	19	37
30	24	9	18
30	25	23	46
30	26	161	321
30	27	28	57
30	28	38	76
30	29	31	62
30	30	0	0
30	31	28	57
30	32	50	100
30	33	47	94
30	34	20	41
30	35	20	40
30	36	48	96
30	37	50	100
30	38	105	209
30	39	91	182
30	40	179	359
30	41	78	156
30	42	105	209
30	43	183	367
30	44	181	363
30	45	143	286
30	46	134	268
30	47	183	367
30	48	68	135
30	49	67	134
30	50	74	148
30	51	60	120
30	52	68	135
30	53	119	237
30	54	102	205
30	55	92	185
30	56	119	237
30	57	24	47
30	58	44	87
30	59	22	44
30	60	24	47
30	61	73	146
31	0	3	6
31	1	72	145
31	2	92	184
31	3	58	115
31	4	65	130
31	5	72	145
31	6	33	67
31	7	11	21
31	8	114	229
31	9	112	225
31	10	33	67
31	11	39	78
31	12	21	42
31	13	58	116
31	14	74	148
31	15	21	42
31	16	145	290
31	17	157	314
31	18	142	284
31	19	145	290
31	20	6	13
31	21	10	21
31	22	75	150
31	23	13	26
31	24	24	49
31	25	6	13
31	26	140	279
31	27	0	0
31	28	29	58
31	29	10	20
31	30	28	57
31	31	0	0
31	32	48	95
31	33	49	98
31	34	34	69
31	35	33	67
31	36	46	92
31	37	48	95
31	38	78	155
31	39	64	128
31	40	153	306
31	41	51	102
31	42	78	155
31	43	163	325
31	44	164	328
31	45	122	244
31	46	121	243
31	47	163	325
31	48	96	192
31	49	95	191
31	50	100	202
31	51	73	146
31	52	96	192
31	53	99	198
31	54	75	149
31	55	88	177
31	56	99	198
31	57	13	27
31	58	55	109
31	59	18	37
31	60	13	27
31	61	45	90
32	0	45	90
32	1	26	52
32	2	77	155
32	3	11	23
32	4	42	84
32	5	26	52
32	6	64	127
32	7	37	75
32	8	121	241
32	9	130	260
32	10	64	127
32	11	27	53
32	12	61	122
32	13	53	105
32	14	118	236
32	15	61	122
32	16	172	343
32	17	178	357
32	18	172	344
32	19	172	343
32	20	44	87
32	21	58	116
32	22	97	193
32	23	39	79
32	24	41	82
32	25	44	87
32	26	182	363
32	27	48	95
32	28	75	151
32	29	38	76
32	30	50	100
32	31	48	95
32	32	0	0
32	33	7	15
32	34	32	63
32	35	31	62
32	36	2	4
32	37	0	0
32	38	112	223
32	39	75	151
32	40	186	372
32	41	64	128
32	42	112	223
32	43	205	409
32	44	208	417
32	45	164	329
32	46	168	338
32	47	205	409
32	48	93	187
32	49	94	189
32	50	89	179
32	51	37	74
32	52	93	187
32	53	143	287
32	54	87	174
32	55	135	270
32	56	143	287
32	57	58	115
32	58	23	47
32	59	60	121
32	60	58	115
32	61	69	137
33	0	46	92
33	1	24	47
33	2	70	141
33	3	9	18
33	4	35	70
33	5	24	47
33	6	61	122
33	7	40	79
33	8	114	228
33	9	124	249
33	10	61	122
33	11	33	66
33	12	64	129
33	13	59	120
33	14	121	243
33	15	64	129
33	16	167	334
33	17	173	346
33	18	168	335
33	19	167	334
33	20	44	88
33	21	59	118
33	22	92	184
33	23	39	78
33	24	39	77
33	25	44	88
33	26	185	371
33	27	49	98
33	28	76	151
33	29	40	80
33	30	47	94
33	31	49	98
33	32	7	15
33	33	0	0
33	34	28	55
33	35	27	55
33	36	6	13
33	37	7	15
33	38	117	233
33	39	82	164
33	40	191	383
33	41	70	141
33	42	117	233
33	43	208	417
33	44	211	424
33	45	168	336
33	46	170	341
33	47	208	417
33	48	86	173
33	49	87	175
33	50	82	165
33	51	30	60
33	52	86	173
33	53	146	293
33	54	93	187
33	55	135	270
33	56	146	293
33	57	58	115
33	58	16	33
33	59	60	120
33	60	58	115
33	61	74	148
34	0	31	63
34	1	48	96
34	2	60	119
34	3	36	72
34	4	31	62
34	5	48	96
34	6	34	69
34	7	30	60
34	8	93	185
34	9	99	198
34	10	34	69
34	11	45	90
34	12	55	110
34	13	73	146
34	14	107	215
34	15	55	110
34	16	140	280
34	17	147	295
34	18	140	281
34	19	140	280
34	20	28	56
34	21	43	85
34	22	65	130
34	23	21	43
34	24	14	27
34	25	28	56
34	26	173	347
34	27	34	69
34	28	55	110
34	29	31	61
34	30	20	41
34	31	34	69
34	32	32	63
34	33	28	55
34	34	0	0
34	35	1	2
34	36	30	59
34	37	32	63
34	38	112	223
34	39	88	177
34	40	187	374
34	41	75	151
34	42	112	223
34	43	196	393
34	44	197	394
34	45	156	312
34	46	152	303
34	47	196	393
34	48	68	137
34	49	69	138
34	50	70	139
34	51	41	82
34	52	68	137
34	53	132	265
34	54	100	200
34	55	112	224
34	56	132	265
34	57	38	75
34	58	24	47
34	59	38	76
34	60	38	75
34	61	74	148
35	0	30	61
35	1	48	97
35	2	61	121
35	3	36	72
35	4	32	64
35	5	48	97
35	6	34	68
35	7	29	58
35	8	94	187
35	9	100	200
35	10	34	68
35	11	44	89
35	12	54	108
35	13	72	144
35	14	106	213
35	15	54	108
35	16	141	281
35	17	148	296
35	18	141	282
35	19	141	281
35	20	27	54
35	21	42	84
35	22	66	131
35	23	20	41
35	24	13	26
35	25	27	54
35	26	172	345
35	27	33	67
35	28	54	108
35	29	30	59
35	30	20	40
35	31	33	67
35	32	31	62
35	33	27	55
35	34	1	2
35	35	0	0
35	36	29	58
35	37	31	62
35	38	111	221
35	39	87	175
35	40	186	372
35	41	74	149
35	42	111	221
35	43	195	391
35	44	196	392
35	45	155	310
35	46	151	302
35	47	195	391
35	48	69	139
35	49	70	140
35	50	71	141
35	51	42	83
35	52	69	139
35	53	131	263
35	54	99	198
35	55	111	223
35	56	131	263
35	57	37	74
35	58	24	48
35	59	37	75
35	60	37	74
35	61	73	146
36	0	43	87
36	1	27	54
36	2	76	153
36	3	12	24
36	4	41	82
36	5	27	54
36	6	62	123
36	7	36	72
36	8	119	238
36	9	128	256
36	10	62	123
36	11	27	54
36	12	60	120
36	13	53	107
36	14	117	234
36	15	60	120
36	16	170	339
36	17	176	353
36	18	170	340
36	19	170	339
36	20	42	84
36	21	56	113
36	22	95	189
36	23	38	75
36	24	39	78
36	25	42	84
36	26	181	362
36	27	46	92
36	28	74	147
36	29	37	73
36	30	48	96
36	31	46	92
36	32	2	4
36	33	6	13
36	34	30	59
36	35	29	58
36	36	0	0
36	37	2	4
36	38	111	222
36	39	76	151
36	40	185	371
36	41	64	129
36	42	111	222
36	43	204	408
36	44	207	415
36	45	163	327
36	46	167	335
36	47	204	408
36	48	92	183
36	49	93	185
36	50	88	177
36	51	36	73
36	52	92	183
36	53	142	285
36	54	87	174
36	55	133	267
36	56	142	285
36	57	56	112
36	58	22	45
36	59	59	117
36	60	56	112
36	61	68	137
37	0	45	90
37	1	26	52
37	2	77	155
37	3	11	23
37	4	42	84
37	5	26	52
37	6	64	127
37	7	37	75
37	8	121	241
37	9	130	260
37	10	64	127
37	11	27	53
37	12	61	122
37	13	53	105
37	14	118	236
37	15	61	122
37	16	172	343
37	17	178	357
37	18	172	344
37	19	172	343
37	20	44	87
37	21	58	116
37	22	97	193
37	23	39	79
37	24	41	82
37	25	44	87
37	26	182	363
37	27	48	95
37	28	75	151
37	29	38	76
37	30	50	100
37	31	48	95
37	32	0	0
37	33	7	15
37	34	32	63
37	35	31	62
37	36	2	4
37	37	0	0
37	38	112	223
37	39	75	151
37	40	186	372
37	41	64	128
37	42	112	223
37	43	205	409
37	44	208	417
37	45	164	329
37	46	168	338
37	47	205	409
37	48	93	187
37	49	94	189
37	50	89	179
37	51	37	74
37	52	93	187
37	53	143	287
37	54	87	174
37	55	135	270
37	56	143	287
37	57	58	115
37	58	23	47
37	59	60	121
37	60	58	115
37	61	69	137
38	0	81	161
38	1	137	273
38	2	170	339
38	3	123	246
38	4	142	283
38	5	137	273
38	6	104	207
38	7	82	163
38	8	186	372
38	9	176	352
38	10	104	207
38	11	87	174
38	12	57	113
38	13	75	150
38	14	39	77
38	15	57	113
38	16	195	391
38	17	213	426
38	18	188	375
38	19	195	391
38	20	84	168
38	21	73	146
38	22	141	281
38	23	91	181
38	24	102	204
38	25	84	168
38	26	75	151
38	27	78	155
38	28	76	152
38	29	81	162
38	30	105	209
38	31	78	155
38	32	112	223
38	33	117	233
38	34	112	223
38	35	111	221
38	36	111	222
38	37	112	223
38	38	0	0
38	39	50	101
38	40	76	151
38	41	53	106
38	42	0	0
38	43	98	195
38	44	109	217
38	45	60	120
38	46	91	181
38	47	98	195
38	48	172	344
38	49	171	342
38	50	178	357
38	51	146	292
38	52	172	344
38	53	51	102
38	54	48	95
38	55	95	191
38	56	51	102
38	57	82	163
38	58	128	256
38	59	85	170
38	60	82	163
38	61	44	87
39	0	65	131
39	1	97	194
39	2	147	295
39	3	86	171
39	4	114	228
39	5	97	194
39	6	97	194
39	7	61	121
39	8	177	355
39	9	176	352
39	10	97	194
39	11	49	98
39	12	49	97
39	13	27	54
39	14	79	158
39	15	49	97
39	16	206	412
39	17	219	439
39	18	201	403
39	19	206	412
39	20	68	137
39	21	66	132
39	22	139	277
39	23	73	145
39	24	85	169
39	25	68	137
39	26	125	251
39	27	64	128
39	28	81	161
39	29	60	120
39	30	91	182
39	31	64	128
39	32	75	151
39	33	82	164
39	34	88	177
39	35	87	175
39	36	76	151
39	37	75	151
39	38	50	101
39	39	0	0
39	40	116	231
39	41	13	26
39	42	50	101
39	43	147	295
39	44	159	318
39	45	110	221
39	46	136	271
39	47	147	295
39	48	156	313
39	49	156	313
39	50	158	316
39	51	112	224
39	52	156	313
39	53	99	198
39	54	12	24
39	55	126	251
39	56	99	198
39	57	75	150
39	58	97	194
39	59	80	160
39	60	75	150
39	61	22	44
40	0	156	312
40	1	210	420
40	2	245	490
40	3	197	394
40	4	217	434
40	5	210	420
40	6	177	353
40	7	158	314
40	8	257	514
40	9	243	486
40	10	177	353
40	11	160	320
40	12	132	264
40	13	143	285
40	14	93	186
40	15	132	264
40	16	253	506
40	17	273	546
40	18	243	486
40	19	253	506
40	20	159	319
40	21	147	295
40	22	210	420
40	23	166	332
40	24	177	355
40	25	159	319
40	26	54	108
40	27	153	306
40	28	147	294
40	29	157	313
40	30	179	359
40	31	153	306
40	32	186	372
40	33	191	383
40	34	187	374
40	35	186	372
40	36	185	371
40	37	186	372
40	38	76	151
40	39	116	231
40	40	0	0
40	41	123	247
40	42	76	151
40	43	59	119
40	44	85	170
40	45	58	117
40	46	109	217
40	47	59	119
40	48	246	491
40	49	245	489
40	50	253	506
40	51	221	442
40	52	246	491
40	53	80	159
40	54	107	214
40	55	143	286
40	56	80	159
40	57	156	312
40	58	203	407
40	59	159	318
40	60	156	312
40	61	117	235
41	0	52	105
41	1	87	174
41	2	135	269
41	3	75	149
41	4	102	203
41	5	87	174
41	6	84	169
41	7	48	95
41	8	164	329
41	9	163	327
41	10	84	169
41	11	38	75
41	12	37	74
41	13	22	45
41	14	76	152
41	15	37	74
41	16	194	389
41	17	207	415
41	18	190	380
41	19	194	389
41	20	55	111
41	21	54	108
41	22	126	252
41	23	60	119
41	24	72	143
41	25	55	111
41	26	128	257
41	27	51	102
41	28	69	139
41	29	47	94
41	30	78	156
41	31	51	102
41	32	64	128
41	33	70	141
41	34	75	151
41	35	74	149
41	36	64	129
41	37	64	128
41	38	53	106
41	39	13	26
41	40	123	247
41	41	0	0
41	42	53	106
41	43	151	301
41	44	160	320
41	45	112	224
41	46	133	265
41	47	151	301
41	48	143	287
41	49	143	287
41	50	145	290
41	51	100	201
41	52	143	287
41	53	98	195
41	54	25	49
41	55	118	236
41	56	98	195
41	57	62	125
41	58	85	170
41	59	67	135
41	60	62	125
41	61	14	27
42	0	81	161
42	1	137	273
42	2	170	339
42	3	123	246
42	4	142	283
42	5	137	273
42	6	104	207
42	7	82	163
42	8	186	372
42	9	176	352
42	10	104	207
42	11	87	174
42	12	57	113
42	13	75	150
42	14	39	77
42	15	57	113
42	16	195	391
42	17	213	426
42	18	188	375
42	19	195	391
42	20	84	168
42	21	73	146
42	22	141	281
42	23	91	181
42	24	102	204
42	25	84	168
42	26	75	151
42	27	78	155
42	28	76	152
42	29	81	162
42	30	105	209
42	31	78	155
42	32	112	223
42	33	117	233
42	34	112	223
42	35	111	221
42	36	111	222
42	37	112	223
42	38	0	0
42	39	50	101
42	40	76	151
42	41	53	106
42	42	0	0
42	43	98	195
42	44	109	217
42	45	60	120
42	46	91	181
42	47	98	195
42	48	172	344
42	49	171	342
42	50	178	357
42	51	146	292
42	52	172	344
42	53	51	102
42	54	48	95
42	55	95	191
42	56	51	102
42	57	82	163
42	58	128	256
42	59	85	170
42	60	82	163
42	61	44	87
43	0	166	331
43	1	230	461
43	2	249	497
43	3	216	432
43	4	227	455
43	5	230	461
43	6	176	353
43	7	170	340
43	8	247	495
43	9	228	455
43	10	176	353
43	11	182	365
43	12	144	288
43	13	173	345
43	14	89	179
43	15	144	288
43	16	226	453
43	17	248	497
43	18	214	429
43	19	226	453
43	20	169	337
43	21	154	308
43	22	201	401
43	23	175	350
43	24	184	369
43	25	169	337
43	26	23	46
43	27	163	325
43	28	146	292
43	29	169	339
43	30	183	367
43	31	163	325
43	32	205	409
43	33	208	417
43	34	196	393
43	35	195	391
43	36	204	408
43	37	205	409
43	38	98	195
43	39	147	295
43	40	59	119
43	41	151	301
43	42	98	195
43	43	0	0
43	44	27	54
43	45	41	81
43	46	70	141
43	47	0	0
43	48	243	486
43	49	242	483
43	50	254	508
43	51	235	471
43	52	243	486
43	53	65	130
43	54	142	285
43	55	118	236
43	56	65	130
43	57	160	320
43	58	217	434
43	59	161	323
43	60	160	320
43	61	140	280
44	0	167	334
44	1	234	469
44	2	245	490
44	3	219	439
44	4	227	454
44	5	234	469
44	6	173	345
44	7	172	345
44	8	238	475
44	9	215	431
44	10	173	345
44	11	189	377
44	12	147	295
44	13	182	365
44	14	90	181
44	15	147	295
44	16	210	419
44	17	232	464
44	18	197	394
44	19	210	419
44	20	169	339
44	21	154	309
44	22	192	384
44	23	176	352
44	24	184	368
44	25	169	339
44	26	36	72
44	27	164	328
44	28	143	287
44	29	171	344
44	30	181	363
44	31	164	328
44	32	208	417
44	33	211	424
44	34	197	394
44	35	196	392
44	36	207	415
44	37	208	417
44	38	109	217
44	39	159	318
44	40	85	170
44	41	160	320
44	42	109	217
44	43	27	54
44	44	0	0
44	45	49	97
44	46	55	109
44	47	27	54
44	48	237	473
44	49	235	470
44	50	249	498
44	51	236	474
44	52	237	473
44	53	65	131
44	54	156	311
44	55	105	211
44	56	65	131
44	57	159	319
44	58	218	437
44	59	160	320
44	60	159	319
44	61	148	297
45	0	125	250
45	1	190	380
45	2	209	418
45	3	175	351
45	4	186	374
45	5	190	380
45	6	137	274
45	7	129	259
45	8	211	421
45	9	193	386
45	10	137	274
45	11	142	285
45	12	104	207
45	13	134	269
45	14	49	98
45	15	104	207
45	16	198	395
45	17	219	438
45	18	187	374
45	19	198	395
45	20	128	256
45	21	113	227
45	22	164	327
45	23	135	269
45	24	144	288
45	25	128	256
45	26	18	35
45	27	122	244
45	28	106	213
45	29	129	258
45	30	143	286
45	31	122	244
45	32	164	329
45	33	168	336
45	34	156	312
45	35	155	310
45	36	163	327
45	37	164	329
45	38	60	120
45	39	110	221
45	40	58	117
45	41	112	224
45	42	60	120
45	43	41	81
45	44	49	97
45	45	0	0
45	46	51	101
45	47	41	81
45	48	205	409
45	49	203	406
45	50	215	430
45	51	194	390
45	52	205	409
45	53	26	52
45	54	107	214
45	55	87	174
45	56	26	52
45	57	120	240
45	58	176	353
45	59	121	243
45	60	120	240
45	61	101	202
46	0	124	249
46	1	193	388
46	2	195	389
46	3	179	358
46	4	180	361
46	5	193	388
46	6	124	247
46	7	131	263
46	8	184	367
46	9	161	322
46	10	124	247
46	11	153	306
46	12	110	220
46	13	154	308
46	14	57	114
46	15	110	220
46	16	156	313
46	17	179	357
46	18	144	289
46	19	156	313
46	20	126	253
46	21	111	223
46	22	138	277
46	23	132	265
46	24	138	276
46	25	126	253
46	26	57	115
46	27	121	243
46	28	97	194
46	29	131	262
46	30	134	268
46	31	121	243
46	32	168	338
46	33	170	341
46	34	152	303
46	35	151	302
46	36	167	335
46	37	168	338
46	38	91	181
46	39	136	271
46	40	109	217
46	41	133	265
46	42	91	181
46	43	70	141
46	44	55	109
46	45	51	101
46	46	0	0
46	47	70	141
46	48	184	369
46	49	182	365
46	50	198	395
46	51	192	385
46	52	184	369
46	53	40	80
46	54	136	273
46	55	51	102
46	56	40	80
46	57	114	228
46	58	174	349
46	59	114	227
46	60	114	228
46	61	119	238
47	0	166	331
47	1	230	461
47	2	249	497
47	3	216	432
47	4	227	455
47	5	230	461
47	6	176	353
47	7	170	340
47	8	247	495
47	9	228	455
47	10	176	353
47	11	182	365
47	12	144	288
47	13	173	345
47	14	89	179
47	15	144	288
47	16	226	453
47	17	248	497
47	18	214	429
47	19	226	453
47	20	169	337
47	21	154	308
47	22	201	401
47	23	175	350
47	24	184	369
47	25	169	337
47	26	23	46
47	27	163	325
47	28	146	292
47	29	169	339
47	30	183	367
47	31	163	325
47	32	205	409
47	33	208	417
47	34	196	393
47	35	195	391
47	36	204	408
47	37	205	409
47	38	98	195
47	39	147	295
47	40	59	119
47	41	151	301
47	42	98	195
47	43	0	0
47	44	27	54
47	45	41	81
47	46	70	141
47	47	0	0
47	48	243	486
47	49	242	483
47	50	254	508
47	51	235	471
47	52	243	486
47	53	65	130
47	54	142	285
47	55	118	236
47	56	65	130
47	57	160	320
47	58	217	434
47	59	161	323
47	60	160	320
47	61	140	280
48	0	93	187
48	1	93	187
48	2	25	50
48	3	90	180
48	4	54	107
48	5	93	187
48	6	69	138
48	7	96	192
48	8	31	61
48	9	54	107
48	10	69	138
48	11	113	226
48	12	117	233
48	13	141	282
48	14	156	313
48	15	117	233
48	16	102	203
48	17	99	198
48	18	108	216
48	19	102	203
48	20	90	180
48	21	99	198
48	22	48	95
48	23	84	169
48	24	72	144
48	25	90	180
48	26	221	443
48	27	96	192
48	28	99	198
48	29	96	193
48	30	68	135
48	31	96	192
48	32	93	187
48	33	86	173
48	34	68	137
48	35	69	139
48	36	92	183
48	37	93	187
48	38	172	344
48	39	156	313
48	40	246	491
48	41	143	287
48	42	172	344
48	43	243	486
48	44	237	473
48	45	205	409
48	46	184	369
48	47	243	486
48	48	0	0
48	49	3	6
48	50	17	35
48	51	70	140
48	52	0	0
48	53	179	357
48	54	168	336
48	55	135	270
48	56	179	357
48	57	90	181
48	58	71	142
48	59	87	174
48	60	90	181
48	61	140	280
49	0	93	186
49	1	95	190
49	2	27	55
49	3	92	183
49	4	55	110
49	5	95	190
49	6	68	136
49	7	96	192
49	8	28	57
49	9	51	102
49	10	68	136
49	11	114	227
49	12	116	232
49	13	142	283
49	14	155	310
49	15	116	232
49	16	99	198
49	17	96	193
49	18	105	211
49	19	99	198
49	20	90	179
49	21	98	197
49	22	45	91
49	23	84	168
49	24	72	144
49	25	90	179
49	26	220	440
49	27	95	191
49	28	98	196
49	29	96	193
49	30	67	134
49	31	95	191
49	32	94	189
49	33	87	175
49	34	69	138
49	35	70	140
49	36	93	185
49	37	94	189
49	38	171	342
49	39	156	313
49	40	245	489
49	41	143	287
49	42	171	342
49	43	242	483
49	44	235	470
49	45	203	406
49	46	182	365
49	47	242	483
49	48	3	6
49	49	0	0
49	50	20	40
49	51	72	144
49	52	3	6
49	53	177	354
49	54	168	336
49	55	133	265
49	56	177	354
49	57	90	179
49	58	72	144
49	59	86	172
49	60	90	179
49	61	140	280
50	0	97	196
50	1	85	170
50	2	13	25
50	3	85	169
50	4	48	95
50	5	85	170
50	6	78	156
50	7	99	198
50	8	45	90
50	9	71	141
50	10	78	156
50	11	112	225
50	12	121	244
50	13	140	280
50	14	166	332
50	15	121	244
50	16	118	237
50	17	114	228
50	18	125	251
50	19	118	237
50	20	94	189
50	21	106	211
50	22	64	127
50	23	88	177
50	24	76	153
50	25	94	189
50	26	232	464
50	27	100	202
50	28	109	217
50	29	100	199
50	30	74	148
50	31	100	202
50	32	89	179
50	33	82	165
50	34	70	139
50	35	71	141
50	36	88	177
50	37	89	179
50	38	178	357
50	39	158	316
50	40	253	506
50	41	145	290
50	42	178	357
50	43	254	508
50	44	249	498
50	45	215	430
50	46	198	395
50	47	254	508
50	48	17	35
50	49	20	40
50	50	0	0
50	51	61	122
50	52	17	35
50	53	189	379
50	54	170	339
50	55	149	298
50	56	189	379
50	57	97	195
50	58	66	132
50	59	95	189
50	60	97	195
50	61	143	287
51	0	70	140
51	1	24	48
51	2	48	97
51	3	28	55
51	4	19	38
51	5	24	48
51	6	73	146
51	7	65	131
51	8	100	200
51	9	117	234
51	10	73	146
51	11	63	126
51	12	91	183
51	13	89	178
51	14	147	294
51	15	91	183
51	16	164	327
51	17	165	331
51	18	167	333
51	19	164	327
51	20	67	135
51	21	82	165
51	22	91	182
51	23	61	122
51	24	55	109
51	25	67	135
51	26	212	425
51	27	73	146
51	28	96	191
51	29	66	132
51	30	60	120
51	31	73	146
51	32	37	74
51	33	30	60
51	34	41	82
51	35	42	83
51	36	36	73
51	37	37	74
51	38	146	292
51	39	112	224
51	40	221	442
51	41	100	201
51	42	146	292
51	43	235	471
51	44	236	474
51	45	194	390
51	46	192	385
51	47	235	471
51	48	70	140
51	49	72	144
51	50	61	122
51	51	0	0
51	52	70	140
51	53	172	344
51	54	123	247
51	55	152	305
51	56	172	344
51	57	78	157
51	58	18	37
51	59	79	158
51	60	78	157
51	61	104	208
52	0	93	187
52	1	93	187
52	2	25	50
52	3	90	180
52	4	54	107
52	5	93	187
52	6	69	138
52	7	96	192
52	8	31	61
52	9	54	107
52	10	69	138
52	11	113	226
52	12	117	233
52	13	141	282
52	14	156	313
52	15	117	233
52	16	102	203
52	17	99	198
52	18	108	216
52	19	102	203
52	20	90	180
52	21	99	198
52	22	48	95
52	23	84	169
52	24	72	144
52	25	90	180
52	26	221	443
52	27	96	192
52	28	99	198
52	29	96	193
52	30	68	135
52	31	96	192
52	32	93	187
52	33	86	173
52	34	68	137
52	35	69	139
52	36	92	183
52	37	93	187
52	38	172	344
52	39	156	313
52	40	246	491
52	41	143	287
52	42	172	344
52	43	243	486
52	44	237	473
52	45	205	409
52	46	184	369
52	47	243	486
52	48	0	0
52	49	3	6
52	50	17	35
52	51	70	140
52	52	0	0
52	53	179	357
52	54	168	336
52	55	135	270
52	56	179	357
52	57	90	181
52	58	71	142
52	59	87	174
52	60	90	181
52	61	140	280
53	0	102	204
53	1	169	339
53	2	184	367
53	3	154	309
53	4	163	326
53	5	169	339
53	6	111	223
53	7	107	214
53	8	185	369
53	9	167	335
53	10	111	223
53	11	124	247
53	12	82	165
53	13	120	240
53	14	25	51
53	15	82	165
53	16	174	347
53	17	194	388
53	18	163	327
53	19	174	347
53	20	105	210
53	21	90	180
53	22	138	275
53	23	111	223
53	24	120	240
53	25	105	210
53	26	43	86
53	27	99	198
53	28	81	162
53	29	106	213
53	30	119	237
53	31	99	198
53	32	143	287
53	33	146	293
53	34	132	265
53	35	131	263
53	36	142	285
53	37	143	287
53	38	51	102
53	39	99	198
53	40	80	159
53	41	98	195
53	42	51	102
53	43	65	130
53	44	65	131
53	45	26	52
53	46	40	80
53	47	65	130
53	48	179	357
53	49	177	354
53	50	189	379
53	51	172	344
53	52	179	357
53	53	0	0
53	54	98	196
53	55	63	127
53	56	0	0
53	57	96	191
53	58	154	307
53	59	97	193
53	60	96	191
53	61	85	170
54	0	76	153
54	1	108	216
54	2	159	318
54	3	97	194
54	4	126	252
54	5	108	216
54	6	108	215
54	7	72	144
54	8	188	378
54	9	186	373
54	10	108	215
54	11	60	121
54	12	58	116
54	13	37	74
54	14	81	161
54	15	58	116
54	16	215	431
54	17	229	459
54	18	210	420
54	19	215	431
54	20	79	159
54	21	76	152
54	22	149	298
54	23	84	168
54	24	96	192
54	25	79	159
54	26	121	243
54	27	75	149
54	28	89	179
54	29	72	143
54	30	102	205
54	31	75	149
54	32	87	174
54	33	93	187
54	34	100	200
54	35	99	198
54	36	87	174
54	37	87	174
54	38	48	95
54	39	12	24
54	40	107	214
54	41	25	49
54	42	48	95
54	43	142	285
54	44	156	311
54	45	107	214
54	46	136	273
54	47	142	285
54	48	168	336
54	49	168	336
54	50	170	339
54	51	123	247
54	52	168	336
54	53	98	196
54	54	0	0
54	55	131	261
54	56	98	196
54	57	85	170
54	58	109	217
54	59	90	180
54	60	85	170
54	61	31	62
55	0	91	181
55	1	158	317
55	2	147	294
55	3	144	288
55	4	138	275
55	5	158	317
55	6	80	159
55	7	99	198
55	8	133	266
55	9	110	221
55	10	80	159
55	11	126	252
55	12	85	170
55	13	136	272
55	14	58	115
55	15	85	170
55	16	111	221
55	17	132	264
55	18	100	200
55	19	111	221
55	20	92	184
55	21	78	157
55	22	88	176
55	23	96	192
55	24	98	197
55	25	92	184
55	26	100	201
55	27	88	177
55	28	60	120
55	29	98	197
55	30	92	185
55	31	88	177
55	32	135	270
55	33	135	270
55	34	112	224
55	35	111	223
55	36	133	267
55	37	135	270
55	38	95	191
55	39	126	251
55	40	143	286
55	41	118	236
55	42	95	191
55	43	118	236
55	44	105	211
55	45	87	174
55	46	51	102
55	47	118	236
55	48	135	270
55	49	133	265
55	50	149	298
55	51	152	305
55	52	135	270
55	53	63	127
55	54	131	261
55	55	0	0
55	56	63	127
55	57	78	155
55	58	135	271
55	59	75	150
55	60	78	155
55	61	105	209
56	0	102	204
56	1	169	339
56	2	184	367
56	3	154	309
56	4	163	326
56	5	169	339
56	6	111	223
56	7	107	214
56	8	185	369
56	9	167	335
56	10	111	223
56	11	124	247
56	12	82	165
56	13	120	240
56	14	25	51
56	15	82	165
56	16	174	347
56	17	194	388
56	18	163	327
56	19	174	347
56	20	105	210
56	21	90	180
56	22	138	275
56	23	111	223
56	24	120	240
56	25	105	210
56	26	43	86
56	27	99	198
56	28	81	162
56	29	106	213
56	30	119	237
56	31	99	198
56	32	143	287
56	33	146	293
56	34	132	265
56	35	131	263
56	36	142	285
56	37	143	287
56	38	51	102
56	39	99	198
56	40	80	159
56	41	98	195
56	42	51	102
56	43	65	130
56	44	65	131
56	45	26	52
56	46	40	80
56	47	65	130
56	48	179	357
56	49	177	354
56	50	189	379
56	51	172	344
56	52	179	357
56	53	0	0
56	54	98	196
56	55	63	127
56	56	0	0
56	57	96	191
56	58	154	307
56	59	97	193
56	60	96	191
56	61	85	170
57	0	14	28
57	1	81	162
57	2	90	180
57	3	67	133
57	4	68	135
57	5	81	162
57	6	23	46
57	7	23	46
57	8	106	212
57	9	101	203
57	10	23	46
57	11	52	103
57	12	28	55
57	13	71	142
57	14	71	142
57	15	28	55
57	16	132	265
57	17	145	290
57	18	129	258
57	19	132	265
57	20	14	29
57	21	9	18
57	22	64	128
57	23	19	37
57	24	25	49
57	25	14	29
57	26	137	275
57	27	13	27
57	28	18	36
57	29	23	45
57	30	24	47
57	31	13	27
57	32	58	115
57	33	58	115
57	34	38	75
57	35	37	74
57	36	56	112
57	37	58	115
57	38	82	163
57	39	75	150
57	40	156	312
57	41	62	125
57	42	82	163
57	43	160	320
57	44	159	319
57	45	120	240
57	46	114	228
57	47	160	320
57	48	90	181
57	49	90	179
57	50	97	195
57	51	78	157
57	52	90	181
57	53	96	191
57	54	85	170
57	55	78	155
57	56	96	191
57	57	0	0
57	58	60	121
57	59	5	10
57	60	0	0
57	61	54	109
58	0	52	103
58	1	27	54
58	2	54	108
58	3	20	39
58	4	19	37
58	5	27	54
58	6	57	115
58	7	47	94
58	8	99	199
58	9	112	224
58	10	57	115
58	11	49	97
58	12	73	146
58	13	75	152
58	14	129	257
58	15	73	146
58	16	156	312
58	17	161	321
58	18	158	315
58	19	156	312
58	20	49	98
58	21	64	128
58	22	82	163
58	23	43	85
58	24	37	74
58	25	49	98
58	26	194	388
58	27	55	109
58	28	78	156
58	29	48	95
58	30	44	87
58	31	55	109
58	32	23	47
58	33	16	33
58	34	24	47
58	35	24	48
58	36	22	45
58	37	23	47
58	38	128	256
58	39	97	194
58	40	203	407
58	41	85	170
58	42	128	256
58	43	217	434
58	44	218	437
58	45	176	353
58	46	174	349
58	47	217	434
58	48	71	142
58	49	72	144
58	50	66	132
58	51	18	37
58	52	71	142
58	53	154	307
58	54	109	217
58	55	135	271
58	56	154	307
58	57	60	121
58	58	0	0
58	59	61	123
58	60	60	121
58	61	87	174
59	0	19	37
59	1	83	167
59	2	88	176
59	3	69	138
59	4	67	134
59	5	83	167
59	6	19	37
59	7	27	55
59	8	102	203
59	9	96	193
59	10	19	37
59	11	56	112
59	12	33	65
59	13	76	152
59	14	72	145
59	15	33	65
59	16	127	255
59	17	140	280
59	18	124	248
59	19	127	255
59	20	18	36
59	21	14	28
59	22	59	118
59	23	21	42
59	24	25	49
59	25	18	36
59	26	139	278
59	27	18	37
59	28	17	34
59	29	27	54
59	30	22	44
59	31	18	37
59	32	60	121
59	33	60	120
59	34	38	76
59	35	37	75
59	36	59	117
59	37	60	121
59	38	85	170
59	39	80	160
59	40	159	318
59	41	67	135
59	42	85	170
59	43	161	323
59	44	160	320
59	45	121	243
59	46	114	227
59	47	161	323
59	48	87	174
59	49	86	172
59	50	95	189
59	51	79	158
59	52	87	174
59	53	97	193
59	54	90	180
59	55	75	150
59	56	97	193
59	57	5	10
59	58	61	123
59	59	0	0
59	60	5	10
59	61	59	119
60	0	14	28
60	1	81	162
60	2	90	180
60	3	67	133
60	4	68	135
60	5	81	162
60	6	23	46
60	7	23	46
60	8	106	212
60	9	101	203
60	10	23	46
60	11	52	103
60	12	28	55
60	13	71	142
60	14	71	142
60	15	28	55
60	16	132	265
60	17	145	290
60	18	129	258
60	19	132	265
60	20	14	29
60	21	9	18
60	22	64	128
60	23	19	37
60	24	25	49
60	25	14	29
60	26	137	275
60	27	13	27
60	28	18	36
60	29	23	45
60	30	24	47
60	31	13	27
60	32	58	115
60	33	58	115
60	34	38	75
60	35	37	74
60	36	56	112
60	37	58	115
60	38	82	163
60	39	75	150
60	40	156	312
60	41	62	125
60	42	82	163
60	43	160	320
60	44	159	319
60	45	120	240
60	46	114	228
60	47	160	320
60	48	90	181
60	49	90	179
60	50	97	195
60	51	78	157
60	52	90	181
60	53	96	191
60	54	85	170
60	55	78	155
60	56	96	191
60	57	0	0
60	58	60	121
60	59	5	10
60	60	0	0
60	61	54	109
61	0	47	94
61	1	93	186
61	2	134	267
61	3	80	160
61	4	103	205
61	5	93	186
61	6	77	155
61	7	44	89
61	8	159	319
61	9	155	312
61	10	77	155
61	11	43	87
61	12	27	54
61	13	35	70
61	14	62	125
61	15	27	54
61	16	185	369
61	17	198	397
61	18	180	359
61	19	185	369
61	20	50	101
61	21	45	91
61	22	118	237
61	23	56	112
61	24	68	136
61	25	50	101
61	26	117	235
61	27	45	90
61	28	59	118
61	29	44	88
61	30	73	146
61	31	45	90
61	32	69	137
61	33	74	148
61	34	74	148
61	35	73	146
61	36	68	137
61	37	69	137
61	38	44	87
61	39	22	44
61	40	117	235
61	41	14	27
61	42	44	87
61	43	140	280
61	44	148	297
61	45	101	202
61	46	119	238
61	47	140	280
61	48	140	280
61	49	140	280
61	50	143	287
61	51	104	208
61	52	140	280
61	53	85	170
61	54	31	62
61	55	105	209
61	56	85	170
61	57	54	109
61	58	87	174
61	59	59	119
61	60	54	109
61	61	0	0
</TRAVEL_COSTS_TIMES>
