<NB_CUSTOMERS>15</NB_CUSTOMERS>
<NB_LOCATIONS>50</NB_LOCATIONS>
<NB_VEHICLES>5</NB_VEHICLES>
<VEHICLE_CAPACITY>750</VEHICLE_CAPACITY>
<EXTERNAL_VEHICLE_COST>5600</EXTERNAL_VEHICLE_COST>
<DEPOT>	ID	DEMAND	NBLOC	LOCS
0	0	1		0
</DEPOT>
<CUSTOMERS>	ID	DEMAND	NBLOC	LOCS
1	38	1			1
2	42	5			2	3	4	5	6
3	58	4			7	8	9	10
4	34	3			11	12	13
5	49	4			14	15	16	17
6	55	5			18	19	20	21	22
7	35	1			23
8	48	1			24
9	39	6			25	26	27	28	29	30
10	61	3			31	32	33
11	59	5			34	35	36	37	38
12	44	5			39	40	41	42	43
13	56	1			44
14	71	4			45	46	47	48
15	22	1			49
</CUSTOMERS>
<LOCATIONS>	ID	x	y	TWE	TWL
0	0	0	0	720
1	-2.29559	9.34493	0	720
2	37.9604	10.5275	0	65
3	104.88	40.7964	212	213
4	34.8755	49.3934	354	370
5	72.2731	-22.126	531	542
6	37.9604	10.5275	637	720
7	-22.6502	5.66421	0	87
8	3.94598	5.98397	140	236
9	-25.9143	11.4932	297	325
10	-22.6502	5.66421	338	720
11	1.51872	-2.65734	0	2
12	161.222	-45.0938	332	334
13	1.51872	-2.65734	664	720
14	-66.625	8.33164	0	20
15	3.9061	102.692	256	310
16	-74.8068	78.1163	475	480
17	-66.625	8.33164	621	720
18	-124.656	98.8965	0	27
19	-167.295	130.998	133	150
20	-141.793	12.9983	391	440
21	-125.428	99.743	617	670
22	-124.656	98.8965	672	720
23	-23.472	100.932	0	720
24	-36.0312	17.6883	0	720
25	81.448	-72.9836	0	35
26	78.4391	-79.6871	50	78
27	111.642	-74.6742	145	289
28	22.9555	-97.5733	472	479
29	83.8907	-85.0429	603	625
30	81.448	-72.9836	650	720
31	88.1201	-47.301	0	69
32	-30.3463	-20.9414	312	349
33	88.1201	-47.301	592	720
34	62.6392	24.0647	0	70
35	56.8152	21.0965	83	166
36	70.6443	107.713	341	342
37	112.382	37.2228	506	549
38	62.6392	24.0647	652	720
39	17.4271	0.532744	0	116
40	-13.2439	-5.09064	178	257
41	17.9063	0.629349	320	401
42	25.1491	4.52264	417	616
43	17.4271	0.532744	633	720
44	-51.005	-42.4374	0	720
45	-52.8884	114.944	0	64
46	-58.7261	15.85	263	279
47	-78.8224	123.039	497	612
48	-52.8884	114.944	666	720
49	-101.968	81.9997	0	720
</LOCATIONS>
<TRAVEL_COSTS_TIMES>	IDFROM	IDTO	COST	TIME
0	0	0	0
0	1	10	19
0	2	39	79
0	3	112	225
0	4	60	121
0	5	76	151
0	6	39	79
0	7	23	47
0	8	7	14
0	9	28	57
0	10	23	47
0	11	3	6
0	12	167	335
0	13	3	6
0	14	67	134
0	15	103	206
0	16	108	216
0	17	67	134
0	18	159	318
0	19	212	424
0	20	142	285
0	21	160	320
0	22	159	318
0	23	104	207
0	24	40	80
0	25	109	219
0	26	112	224
0	27	134	269
0	28	100	200
0	29	119	239
0	30	109	219
0	31	100	200
0	32	37	74
0	33	100	200
0	34	67	134
0	35	61	121
0	36	128	257
0	37	118	237
0	38	67	134
0	39	17	35
0	40	14	28
0	41	17	36
0	42	25	51
0	43	17	35
0	44	66	133
0	45	127	253
0	46	60	122
0	47	146	292
0	48	127	253
0	49	131	262
1	0	10	19
1	1	0	0
1	2	40	81
1	3	112	223
1	4	55	109
1	5	81	162
1	6	40	81
1	7	21	41
1	8	7	14
1	9	24	47
1	10	21	41
1	11	13	25
1	12	172	345
1	13	13	25
1	14	64	129
1	15	94	187
1	16	100	200
1	17	64	129
1	18	151	303
1	19	204	409
1	20	139	279
1	21	152	305
1	22	151	303
1	23	94	188
1	24	35	70
1	25	117	235
1	26	120	240
1	27	142	283
1	28	110	219
1	29	128	255
1	30	117	235
1	31	107	213
1	32	41	83
1	33	107	213
1	34	67	133
1	35	60	121
1	36	122	245
1	37	118	236
1	38	67	133
1	39	22	43
1	40	18	36
1	41	22	44
1	42	28	56
1	43	22	43
1	44	71	142
1	45	117	234
1	46	57	113
1	47	137	274
1	48	117	234
1	49	123	247
2	0	39	79
2	1	40	81
2	2	0	0
2	3	73	147
2	4	39	78
2	5	47	95
2	6	0	0
2	7	61	122
2	8	34	69
2	9	64	128
2	10	61	122
2	11	38	77
2	12	135	270
2	13	38	77
2	14	104	209
2	15	98	197
2	16	131	263
2	17	104	209
2	18	185	370
2	19	238	476
2	20	179	360
2	21	186	372
2	22	185	370
2	23	109	219
2	24	74	149
2	25	94	188
2	26	99	198
2	27	113	225
2	28	109	218
2	29	106	212
2	30	94	188
2	31	77	153
2	32	74	150
2	33	77	153
2	34	28	56
2	35	22	43
2	36	103	205
2	37	79	158
2	38	28	56
2	39	22	45
2	40	53	107
2	41	22	44
2	42	14	28
2	43	22	45
2	44	103	207
2	45	138	277
2	46	97	194
2	47	162	324
2	48	138	277
2	49	157	314
3	0	112	225
3	1	112	223
3	2	73	147
3	3	0	0
3	4	71	141
3	5	71	142
3	6	73	147
3	7	132	264
3	8	106	214
3	9	134	268
3	10	132	264
3	11	111	224
3	12	103	205
3	13	111	224
3	14	175	349
3	15	118	237
3	16	184	367
3	17	175	349
3	18	237	474
3	19	287	573
3	20	248	496
3	21	238	475
3	22	237	474
3	23	142	283
3	24	143	286
3	25	116	232
3	26	123	247
3	27	116	231
3	28	161	322
3	29	128	255
3	30	116	232
3	31	90	179
3	32	147	297
3	33	90	179
3	34	45	91
3	35	52	104
3	36	75	150
3	37	8	17
3	38	45	91
3	39	95	192
3	40	126	253
3	41	95	191
3	42	87	175
3	43	95	192
3	44	176	353
3	45	174	348
3	46	165	331
3	47	201	402
3	48	174	348
3	49	211	422
4	0	60	121
4	1	55	109
4	2	39	78
4	3	71	141
4	4	0	0
4	5	81	161
4	6	39	78
4	7	72	145
4	8	53	107
4	9	72	143
4	10	72	145
4	11	62	124
4	12	158	316
4	13	62	124
4	14	109	219
4	15	62	123
4	16	113	227
4	17	109	219
4	18	167	334
4	19	218	436
4	20	180	361
4	21	168	336
4	22	167	334
4	23	78	156
4	24	78	155
4	25	131	262
4	26	136	272
4	27	146	292
4	28	147	295
4	29	143	286
4	30	131	262
4	31	110	220
4	32	96	192
4	33	110	220
4	34	38	75
4	35	36	72
4	36	68	137
4	37	78	157
4	38	38	75
4	39	52	104
4	40	73	145
4	41	52	103
4	42	46	92
4	43	52	104
4	44	126	251
4	45	110	219
4	46	99	199
4	47	135	271
4	48	110	219
4	49	140	281
5	0	76	151
5	1	81	162
5	2	47	95
5	3	71	142
5	4	81	161
5	5	0	0
5	6	47	95
5	7	99	198
5	8	74	148
5	9	104	208
5	10	99	198
5	11	73	147
5	12	92	184
5	13	73	147
5	14	142	284
5	15	142	284
5	16	178	356
5	17	142	284
5	18	231	462
5	19	284	568
5	20	217	434
5	21	232	464
5	22	231	462
5	23	156	312
5	24	115	231
5	25	52	103
5	26	58	116
5	27	66	131
5	28	90	180
5	29	64	128
5	30	52	103
5	31	30	59
5	32	103	205
5	33	30	59
5	34	47	94
5	35	46	92
5	36	130	260
5	37	72	143
5	38	47	94
5	39	59	119
5	40	87	174
5	41	59	118
5	42	54	108
5	43	59	119
5	44	125	250
5	45	185	371
5	46	136	273
5	47	209	419
5	48	185	371
5	49	203	406
6	0	39	79
6	1	40	81
6	2	0	0
6	3	73	147
6	4	39	78
6	5	47	95
6	6	0	0
6	7	61	122
6	8	34	69
6	9	64	128
6	10	61	122
6	11	38	77
6	12	135	270
6	13	38	77
6	14	104	209
6	15	98	197
6	16	131	263
6	17	104	209
6	18	185	370
6	19	238	476
6	20	179	360
6	21	186	372
6	22	185	370
6	23	109	219
6	24	74	149
6	25	94	188
6	26	99	198
6	27	113	225
6	28	109	218
6	29	106	212
6	30	94	188
6	31	77	153
6	32	74	150
6	33	77	153
6	34	28	56
6	35	22	43
6	36	103	205
6	37	79	158
6	38	28	56
6	39	22	45
6	40	53	107
6	41	22	44
6	42	14	28
6	43	22	45
6	44	103	207
6	45	138	277
6	46	97	194
6	47	162	324
6	48	138	277
6	49	157	314
7	0	23	47
7	1	21	41
7	2	61	122
7	3	132	264
7	4	72	145
7	5	99	198
7	6	61	122
7	7	0	0
7	8	27	53
7	9	7	13
7	10	0	0
7	11	26	51
7	12	190	381
7	13	26	51
7	14	44	88
7	15	101	201
7	16	89	178
7	17	44	88
7	18	138	276
7	19	191	382
7	20	119	239
7	21	139	278
7	22	138	276
7	23	95	191
7	24	18	36
7	25	130	261
7	26	132	265
7	27	156	313
7	28	113	226
7	29	140	280
7	30	130	261
7	31	123	246
7	32	28	55
7	33	123	246
7	34	87	174
7	35	81	162
7	36	138	277
7	37	138	277
7	38	87	174
7	39	40	81
7	40	14	29
7	41	40	82
7	42	48	96
7	43	40	81
7	44	56	112
7	45	113	227
7	46	37	75
7	47	130	260
7	48	113	227
7	49	110	220
8	0	7	14
8	1	7	14
8	2	34	69
8	3	106	214
8	4	53	107
8	5	74	148
8	6	34	69
8	7	27	53
8	8	0	0
8	9	30	61
8	10	27	53
8	11	9	18
8	12	165	331
8	13	9	18
8	14	71	141
8	15	97	193
8	16	107	214
8	17	71	141
8	18	158	317
8	19	211	423
8	20	146	292
8	21	159	319
8	22	158	317
8	23	99	198
8	24	42	83
8	25	111	221
8	26	114	227
8	27	135	269
8	28	105	211
8	29	121	242
8	30	111	221
8	31	100	199
8	32	43	87
8	33	100	199
8	34	61	123
8	35	55	110
8	36	121	243
8	37	112	226
8	38	61	123
8	39	15	29
8	40	20	41
8	41	15	30
8	42	21	43
8	43	15	29
8	44	73	146
8	45	123	246
8	46	63	127
8	47	143	287
8	48	123	246
8	49	130	261
9	0	28	57
9	1	24	47
9	2	64	128
9	3	134	268
9	4	72	143
9	5	104	208
9	6	64	128
9	7	7	13
9	8	30	61
9	9	0	0
9	10	7	13
9	11	31	62
9	12	195	391
9	13	31	62
9	14	41	82
9	15	96	192
9	16	83	165
9	17	41	82
9	18	132	264
9	19	185	370
9	20	116	232
9	21	133	266
9	22	132	264
9	23	89	179
9	24	12	24
9	25	137	273
9	26	139	277
9	27	162	325
9	28	120	239
9	29	146	292
9	30	137	273
9	31	128	257
9	32	33	65
9	33	128	257
9	34	89	179
9	35	83	167
9	36	136	273
9	37	140	281
9	38	89	179
9	39	45	89
9	40	21	42
9	41	45	90
9	42	51	103
9	43	45	89
9	44	59	119
9	45	107	214
9	46	33	66
9	47	123	247
9	48	107	214
9	49	104	207
10	0	23	47
10	1	21	41
10	2	61	122
10	3	132	264
10	4	72	145
10	5	99	198
10	6	61	122
10	7	0	0
10	8	27	53
10	9	7	13
10	10	0	0
10	11	26	51
10	12	190	381
10	13	26	51
10	14	44	88
10	15	101	201
10	16	89	178
10	17	44	88
10	18	138	276
10	19	191	382
10	20	119	239
10	21	139	278
10	22	138	276
10	23	95	191
10	24	18	36
10	25	130	261
10	26	132	265
10	27	156	313
10	28	113	226
10	29	140	280
10	30	130	261
10	31	123	246
10	32	28	55
10	33	123	246
10	34	87	174
10	35	81	162
10	36	138	277
10	37	138	277
10	38	87	174
10	39	40	81
10	40	14	29
10	41	40	82
10	42	48	96
10	43	40	81
10	44	56	112
10	45	113	227
10	46	37	75
10	47	130	260
10	48	113	227
10	49	110	220
11	0	3	6
11	1	13	25
11	2	38	77
11	3	111	224
11	4	62	124
11	5	73	147
11	6	38	77
11	7	26	51
11	8	9	18
11	9	31	62
11	10	26	51
11	11	0	0
11	12	165	330
11	13	0	0
11	14	69	138
11	15	105	211
11	16	111	222
11	17	69	138
11	18	162	324
11	19	215	430
11	20	144	288
11	21	163	326
11	22	162	324
11	23	107	213
11	24	43	85
11	25	106	213
11	26	109	218
11	27	132	263
11	28	97	195
11	29	117	233
11	30	106	213
11	31	97	195
11	32	37	73
11	33	97	195
11	34	66	133
11	35	60	120
11	36	130	260
11	37	117	235
11	38	66	133
11	39	16	32
11	40	15	30
11	41	16	33
11	42	24	49
11	43	16	32
11	44	66	132
11	45	130	259
11	46	63	126
11	47	149	298
11	48	130	259
11	49	134	267
12	0	167	335
12	1	172	345
12	2	135	270
12	3	103	205
12	4	158	316
12	5	92	184
12	6	135	270
12	7	190	381
12	8	165	331
12	9	195	391
12	10	190	381
12	11	165	330
12	12	0	0
12	13	165	330
12	14	234	468
12	15	216	432
12	16	266	533
12	17	234	468
12	18	320	640
12	19	373	745
12	20	309	617
12	21	321	642
12	22	320	640
12	23	235	471
12	24	206	414
12	25	85	169
12	26	90	179
12	27	58	115
12	28	148	296
12	29	87	174
12	30	85	169
12	31	73	146
12	32	193	386
12	33	73	146
12	34	120	241
12	35	124	247
12	36	178	355
12	37	96	191
12	38	120	241
12	39	150	302
12	40	179	358
12	41	150	301
12	42	145	290
12	43	150	302
12	44	212	424
12	45	267	535
12	46	227	456
12	47	293	586
12	48	267	535
12	49	292	584
13	0	3	6
13	1	13	25
13	2	38	77
13	3	111	224
13	4	62	124
13	5	73	147
13	6	38	77
13	7	26	51
13	8	9	18
13	9	31	62
13	10	26	51
13	11	0	0
13	12	165	330
13	13	0	0
13	14	69	138
13	15	105	211
13	16	111	222
13	17	69	138
13	18	162	324
13	19	215	430
13	20	144	288
13	21	163	326
13	22	162	324
13	23	107	213
13	24	43	85
13	25	106	213
13	26	109	218
13	27	132	263
13	28	97	195
13	29	117	233
13	30	106	213
13	31	97	195
13	32	37	73
13	33	97	195
13	34	66	133
13	35	60	120
13	36	130	260
13	37	117	235
13	38	66	133
13	39	16	32
13	40	15	30
13	41	16	33
13	42	24	49
13	43	16	32
13	44	66	132
13	45	130	259
13	46	63	126
13	47	149	298
13	48	130	259
13	49	134	267
14	0	67	134
14	1	64	129
14	2	104	209
14	3	175	349
14	4	109	219
14	5	142	284
14	6	104	209
14	7	44	88
14	8	71	141
14	9	41	82
14	10	44	88
14	11	69	138
14	12	234	468
14	13	69	138
14	14	0	0
14	15	118	236
14	16	70	141
14	17	0	0
14	18	108	215
14	19	159	317
14	20	75	151
14	21	109	217
14	22	108	215
14	23	102	204
14	24	32	64
14	25	169	338
14	26	170	339
14	27	197	393
14	28	139	277
14	29	177	354
14	30	169	338
14	31	164	329
14	32	47	93
14	33	164	329
14	34	130	260
14	35	124	248
14	36	169	339
14	37	181	363
14	38	130	260
14	39	84	169
14	40	55	110
14	41	84	170
14	42	92	184
14	43	84	169
14	44	53	106
14	45	107	215
14	46	11	22
14	47	115	231
14	48	107	215
14	49	82	163
15	0	103	206
15	1	94	187
15	2	98	197
15	3	118	237
15	4	62	123
15	5	142	284
15	6	98	197
15	7	101	201
15	8	97	193
15	9	96	192
15	10	101	201
15	11	105	211
15	12	216	432
15	13	105	211
15	14	118	236
15	15	0	0
15	16	82	165
15	17	118	236
15	18	128	257
15	19	174	347
15	20	171	342
15	21	129	259
15	22	128	257
15	23	27	55
15	24	94	188
15	25	192	384
15	26	197	394
15	27	207	415
15	28	201	402
15	29	204	408
15	30	192	384
15	31	172	343
15	32	128	256
15	33	172	343
15	34	98	196
15	35	97	194
15	36	67	134
15	37	126	253
15	38	98	196
15	39	103	206
15	40	109	218
15	41	103	206
15	42	100	201
15	43	103	206
15	44	155	310
15	45	58	116
15	46	107	214
15	47	85	170
15	48	58	116
15	49	108	216
16	0	108	216
16	1	100	200
16	2	131	263
16	3	184	367
16	4	113	227
16	5	178	356
16	6	131	263
16	7	89	178
16	8	107	214
16	9	83	165
16	10	89	178
16	11	111	222
16	12	266	533
16	13	111	222
16	14	70	141
16	15	82	165
16	16	0	0
16	17	70	141
16	18	54	108
16	19	107	213
16	20	93	187
16	21	55	110
16	22	54	108
16	23	56	112
16	24	72	144
16	25	217	435
16	26	220	440
16	27	241	482
16	28	201	402
16	29	227	455
16	30	217	435
16	31	206	411
16	32	109	217
16	33	206	411
16	34	148	295
16	35	143	287
16	36	148	297
16	37	191	383
16	38	148	295
16	39	121	241
16	40	103	207
16	41	121	242
16	42	124	248
16	43	121	241
16	44	123	246
16	45	43	86
16	46	64	129
16	47	45	90
16	48	43	86
16	49	27	55
17	0	67	134
17	1	64	129
17	2	104	209
17	3	175	349
17	4	109	219
17	5	142	284
17	6	104	209
17	7	44	88
17	8	71	141
17	9	41	82
17	10	44	88
17	11	69	138
17	12	234	468
17	13	69	138
17	14	0	0
17	15	118	236
17	16	70	141
17	17	0	0
17	18	108	215
17	19	159	317
17	20	75	151
17	21	109	217
17	22	108	215
17	23	102	204
17	24	32	64
17	25	169	338
17	26	170	339
17	27	197	393
17	28	139	277
17	29	177	354
17	30	169	338
17	31	164	329
17	32	47	93
17	33	164	329
17	34	130	260
17	35	124	248
17	36	169	339
17	37	181	363
17	38	130	260
17	39	84	169
17	40	55	110
17	41	84	170
17	42	92	184
17	43	84	169
17	44	53	106
17	45	107	215
17	46	11	22
17	47	115	231
17	48	107	215
17	49	82	163
18	0	159	318
18	1	151	303
18	2	185	370
18	3	237	474
18	4	167	334
18	5	231	462
18	6	185	370
18	7	138	276
18	8	158	317
18	9	132	264
18	10	138	276
18	11	162	324
18	12	320	640
18	13	162	324
18	14	108	215
18	15	128	257
18	16	54	108
18	17	108	215
18	18	0	0
18	19	53	106
18	20	88	175
18	21	1	2
18	22	0	0
18	23	101	202
18	24	120	240
18	25	268	537
18	26	270	540
18	27	293	586
18	28	245	491
18	29	278	555
18	30	268	537
18	31	258	516
18	32	152	305
18	33	258	516
18	34	202	403
18	35	197	395
18	36	195	391
18	37	245	490
18	38	202	403
18	39	173	346
18	40	152	304
18	41	173	346
18	42	177	354
18	43	173	346
18	44	159	319
18	45	74	147
18	46	106	212
18	47	52	104
18	48	74	147
18	49	28	57
19	0	212	424
19	1	204	409
19	2	238	476
19	3	287	573
19	4	218	436
19	5	284	568
19	6	238	476
19	7	191	382
19	8	211	423
19	9	185	370
19	10	191	382
19	11	215	430
19	12	373	745
19	13	215	430
19	14	159	317
19	15	174	347
19	16	107	213
19	17	159	317
19	18	53	106
19	19	0	0
19	20	121	241
19	21	52	104
19	22	53	106
19	23	147	294
19	24	173	346
19	25	321	643
19	26	323	646
19	27	346	692
19	28	297	594
19	29	331	661
19	30	321	643
19	31	311	622
19	32	204	409
19	33	311	622
19	34	254	507
19	35	250	499
19	36	239	478
19	37	295	590
19	38	254	507
19	39	226	452
19	40	205	410
19	41	226	452
19	42	230	460
19	43	226	452
19	44	209	418
19	45	116	231
19	46	158	317
19	47	89	178
19	48	116	231
19	49	81	163
20	0	142	285
20	1	139	279
20	2	179	360
20	3	248	496
20	4	180	361
20	5	217	434
20	6	179	360
20	7	119	239
20	8	146	292
20	9	116	232
20	10	119	239
20	11	144	288
20	12	309	617
20	13	144	288
20	14	75	151
20	15	171	342
20	16	93	187
20	17	75	151
20	18	88	175
20	19	121	241
20	20	0	0
20	21	88	177
20	22	88	175
20	23	147	295
20	24	106	212
20	25	239	478
20	26	239	478
20	27	268	536
20	28	198	397
20	29	246	492
20	30	239	478
20	31	238	475
20	32	117	233
20	33	238	475
20	34	205	409
20	35	199	397
20	36	233	465
20	37	255	511
20	38	205	409
20	39	159	319
20	40	130	260
20	41	159	320
20	42	167	334
20	43	159	319
20	44	106	213
20	45	135	271
20	46	83	166
20	47	127	253
20	48	135	271
20	49	80	159
21	0	160	320
21	1	152	305
21	2	186	372
21	3	238	475
21	4	168	336
21	5	232	464
21	6	186	372
21	7	139	278
21	8	159	319
21	9	133	266
21	10	139	278
21	11	163	326
21	12	321	642
21	13	163	326
21	14	109	217
21	15	129	259
21	16	55	110
21	17	109	217
21	18	1	2
21	19	52	104
21	20	88	177
21	21	0	0
21	22	1	2
21	23	102	204
21	24	121	242
21	25	269	539
21	26	271	542
21	27	294	588
21	28	246	493
21	29	279	557
21	30	269	539
21	31	259	518
21	32	153	307
21	33	259	518
21	34	203	405
21	35	198	397
21	36	196	392
21	37	246	492
21	38	203	405
21	39	174	348
21	40	153	306
21	41	174	348
21	42	178	356
21	43	174	348
21	44	160	321
21	45	74	148
21	46	107	214
21	47	52	104
21	48	74	148
21	49	29	59
22	0	159	318
22	1	151	303
22	2	185	370
22	3	237	474
22	4	167	334
22	5	231	462
22	6	185	370
22	7	138	276
22	8	158	317
22	9	132	264
22	10	138	276
22	11	162	324
22	12	320	640
22	13	162	324
22	14	108	215
22	15	128	257
22	16	54	108
22	17	108	215
22	18	0	0
22	19	53	106
22	20	88	175
22	21	1	2
22	22	0	0
22	23	101	202
22	24	120	240
22	25	268	537
22	26	270	540
22	27	293	586
22	28	245	491
22	29	278	555
22	30	268	537
22	31	258	516
22	32	152	305
22	33	258	516
22	34	202	403
22	35	197	395
22	36	195	391
22	37	245	490
22	38	202	403
22	39	173	346
22	40	152	304
22	41	173	346
22	42	177	354
22	43	173	346
22	44	159	319
22	45	74	147
22	46	106	212
22	47	52	104
22	48	74	147
22	49	28	57
23	0	104	207
23	1	94	188
23	2	109	219
23	3	142	283
23	4	78	156
23	5	156	312
23	6	109	219
23	7	95	191
23	8	99	198
23	9	89	179
23	10	95	191
23	11	107	213
23	12	235	471
23	13	107	213
23	14	102	204
23	15	27	55
23	16	56	112
23	17	102	204
23	18	101	202
23	19	147	294
23	20	147	295
23	21	102	204
23	22	101	202
23	23	0	0
23	24	84	168
23	25	203	406
23	26	207	415
23	27	222	443
23	28	204	407
23	29	215	429
23	30	203	406
23	31	186	371
23	32	122	244
23	33	186	371
23	34	115	231
23	35	113	226
23	36	94	189
23	37	150	300
23	38	115	231
23	39	108	217
23	40	107	213
23	41	108	217
23	42	108	216
23	43	108	217
23	44	146	292
23	45	33	65
23	46	92	184
23	47	60	119
23	48	33	65
23	49	81	161
24	0	40	80
24	1	35	70
24	2	74	149
24	3	143	286
24	4	78	155
24	5	115	231
24	6	74	149
24	7	18	36
24	8	42	83
24	9	12	24
24	10	18	36
24	11	43	85
24	12	206	414
24	13	43	85
24	14	32	64
24	15	94	188
24	16	72	144
24	17	32	64
24	18	120	240
24	19	173	346
24	20	106	212
24	21	121	242
24	22	120	240
24	23	84	168
24	24	0	0
24	25	148	297
24	26	150	300
24	27	174	348
24	28	129	259
24	29	158	315
24	30	148	297
24	31	140	280
24	32	39	78
24	33	140	280
24	34	99	198
24	35	93	186
24	36	140	279
24	37	150	299
24	38	99	198
24	39	56	112
24	40	32	64
24	41	56	113
24	42	63	125
24	43	56	112
24	44	62	124
24	45	99	197
24	46	23	46
24	47	114	227
24	48	99	197
24	49	92	184
25	0	109	219
25	1	117	235
25	2	94	188
25	3	116	232
25	4	131	262
25	5	52	103
25	6	94	188
25	7	130	261
25	8	111	221
25	9	137	273
25	10	130	261
25	11	106	213
25	12	85	169
25	13	106	213
25	14	169	338
25	15	192	384
25	16	217	435
25	17	169	338
25	18	268	537
25	19	321	643
25	20	239	478
25	21	269	539
25	22	268	537
25	23	203	406
25	24	148	297
25	25	0	0
25	26	7	15
25	27	30	60
25	28	63	127
25	29	12	25
25	30	0	0
25	31	27	53
25	32	123	247
25	33	27	53
25	34	99	197
25	35	97	195
25	36	181	362
25	37	114	229
25	38	99	197
25	39	97	195
25	40	117	233
25	41	97	194
25	42	96	192
25	43	97	195
25	44	136	272
25	45	231	462
25	46	166	332
25	47	253	506
25	48	231	462
25	49	240	480
26	0	112	224
26	1	120	240
26	2	99	198
26	3	123	247
26	4	136	272
26	5	58	116
26	6	99	198
26	7	132	265
26	8	114	227
26	9	139	277
26	10	132	265
26	11	109	218
26	12	90	179
26	13	109	218
26	14	170	339
26	15	197	394
26	16	220	440
26	17	170	339
26	18	270	540
26	19	323	646
26	20	239	478
26	21	271	542
26	22	270	540
26	23	207	415
26	24	150	300
26	25	7	15
26	26	0	0
26	27	34	67
26	28	58	117
26	29	8	15
26	30	7	15
26	31	34	68
26	32	124	247
26	33	34	68
26	34	105	210
26	35	103	206
26	36	188	375
26	37	121	243
26	38	105	210
26	39	101	202
26	40	118	236
26	41	101	201
26	42	100	199
26	43	101	202
26	44	135	269
26	45	235	469
26	46	167	334
26	47	257	513
26	48	235	469
26	49	242	484
27	0	134	269
27	1	142	283
27	2	113	225
27	3	116	231
27	4	146	292
27	5	66	131
27	6	113	225
27	7	156	313
27	8	135	269
27	9	162	325
27	10	156	313
27	11	132	263
27	12	58	115
27	13	132	263
27	14	197	393
27	15	207	415
27	16	241	482
27	17	197	393
27	18	293	586
27	19	346	692
27	20	268	536
27	21	294	588
27	22	293	586
27	23	222	443
27	24	174	348
27	25	30	60
27	26	34	67
27	27	0	0
27	28	92	183
27	29	30	59
27	30	30	60
27	31	36	72
27	32	152	304
27	33	36	72
27	34	110	220
27	35	110	221
27	36	187	374
27	37	112	224
27	38	110	220
27	39	120	241
27	40	143	286
27	41	120	240
27	42	117	235
27	43	120	241
27	44	166	332
27	45	251	502
27	46	193	386
27	47	275	549
27	48	251	502
27	49	265	530
28	0	100	200
28	1	110	219
28	2	109	218
28	3	161	322
28	4	147	295
28	5	90	180
28	6	109	218
28	7	113	226
28	8	105	211
28	9	120	239
28	10	113	226
28	11	97	195
28	12	148	296
28	13	97	195
28	14	139	277
28	15	201	402
28	16	201	402
28	17	139	277
28	18	245	491
28	19	297	594
28	20	198	397
28	21	246	493
28	22	245	491
28	23	204	407
28	24	129	259
28	25	63	127
28	26	58	117
28	27	92	183
28	28	0	0
28	29	62	124
28	30	63	127
28	31	82	165
28	32	93	187
28	33	82	165
28	34	128	256
28	35	123	247
28	36	211	422
28	37	162	323
28	38	128	256
28	39	98	197
28	40	99	199
28	41	98	197
28	42	102	204
28	43	98	197
28	44	92	185
28	45	225	451
28	46	139	280
28	47	243	486
28	48	225	451
28	49	218	438
29	0	119	239
29	1	128	255
29	2	106	212
29	3	128	255
29	4	143	286
29	5	64	128
29	6	106	212
29	7	140	280
29	8	121	242
29	9	146	292
29	10	140	280
29	11	117	233
29	12	87	174
29	13	117	233
29	14	177	354
29	15	204	408
29	16	227	455
29	17	177	354
29	18	278	555
29	19	331	661
29	20	246	492
29	21	279	557
29	22	278	555
29	23	215	429
29	24	158	315
29	25	12	25
29	26	8	15
29	27	30	59
29	28	62	124
29	29	0	0
29	30	12	25
29	31	38	76
29	32	131	262
29	33	38	76
29	34	111	222
29	35	109	219
29	36	193	386
29	37	126	251
29	38	111	222
29	39	108	217
29	40	126	251
29	41	108	216
29	42	107	214
29	43	108	217
29	44	141	283
29	45	242	484
29	46	175	349
29	47	264	528
29	48	242	484
29	49	250	499
30	0	109	219
30	1	117	235
30	2	94	188
30	3	116	232
30	4	131	262
30	5	52	103
30	6	94	188
30	7	130	261
30	8	111	221
30	9	137	273
30	10	130	261
30	11	106	213
30	12	85	169
30	13	106	213
30	14	169	338
30	15	192	384
30	16	217	435
30	17	169	338
30	18	268	537
30	19	321	643
30	20	239	478
30	21	269	539
30	22	268	537
30	23	203	406
30	24	148	297
30	25	0	0
30	26	7	15
30	27	30	60
30	28	63	127
30	29	12	25
30	30	0	0
30	31	27	53
30	32	123	247
30	33	27	53
30	34	99	197
30	35	97	195
30	36	181	362
30	37	114	229
30	38	99	197
30	39	97	195
30	40	117	233
30	41	97	194
30	42	96	192
30	43	97	195
30	44	136	272
30	45	231	462
30	46	166	332
30	47	253	506
30	48	231	462
30	49	240	480
31	0	100	200
31	1	107	213
31	2	77	153
31	3	90	179
31	4	110	220
31	5	30	59
31	6	77	153
31	7	123	246
31	8	100	199
31	9	128	257
31	10	123	246
31	11	97	195
31	12	73	146
31	13	97	195
31	14	164	329
31	15	172	343
31	16	206	411
31	17	164	329
31	18	258	516
31	19	311	622
31	20	238	475
31	21	259	518
31	22	258	516
31	23	186	371
31	24	140	280
31	25	27	53
31	26	34	68
31	27	36	72
31	28	82	165
31	29	38	76
31	30	27	53
31	31	0	0
31	32	121	243
31	33	0	0
31	34	76	152
31	35	75	150
31	36	156	312
31	37	88	176
31	38	76	152
31	39	85	171
31	40	110	220
31	41	85	170
31	42	82	163
31	43	85	171
31	44	139	278
31	45	215	430
31	46	160	320
31	47	239	477
31	48	215	430
31	49	230	460
32	0	37	74
32	1	41	83
32	2	74	150
32	3	147	297
32	4	96	192
32	5	103	205
32	6	74	150
32	7	28	55
32	8	43	87
32	9	33	65
32	10	28	55
32	11	37	73
32	12	193	386
32	13	37	73
32	14	47	93
32	15	128	256
32	16	109	217
32	17	47	93
32	18	152	305
32	19	204	409
32	20	117	233
32	21	153	307
32	22	152	305
32	23	122	244
32	24	39	78
32	25	123	247
32	26	124	247
32	27	152	304
32	28	93	187
32	29	131	262
32	30	123	247
32	31	121	243
32	32	0	0
32	33	121	243
32	34	102	206
32	35	96	193
32	36	163	327
32	37	153	308
32	38	102	206
32	39	52	105
32	40	23	47
32	41	52	106
32	42	60	122
32	43	52	105
32	44	30	60
32	45	138	275
32	46	46	93
32	47	152	304
32	48	138	275
32	49	125	251
33	0	100	200
33	1	107	213
33	2	77	153
33	3	90	179
33	4	110	220
33	5	30	59
33	6	77	153
33	7	123	246
33	8	100	199
33	9	128	257
33	10	123	246
33	11	97	195
33	12	73	146
33	13	97	195
33	14	164	329
33	15	172	343
33	16	206	411
33	17	164	329
33	18	258	516
33	19	311	622
33	20	238	475
33	21	259	518
33	22	258	516
33	23	186	371
33	24	140	280
33	25	27	53
33	26	34	68
33	27	36	72
33	28	82	165
33	29	38	76
33	30	27	53
33	31	0	0
33	32	121	243
33	33	0	0
33	34	76	152
33	35	75	150
33	36	156	312
33	37	88	176
33	38	76	152
33	39	85	171
33	40	110	220
33	41	85	170
33	42	82	163
33	43	85	171
33	44	139	278
33	45	215	430
33	46	160	320
33	47	239	477
33	48	215	430
33	49	230	460
34	0	67	134
34	1	67	133
34	2	28	56
34	3	45	91
34	4	38	75
34	5	47	94
34	6	28	56
34	7	87	174
34	8	61	123
34	9	89	179
34	10	87	174
34	11	66	133
34	12	120	241
34	13	66	133
34	14	130	260
34	15	98	196
34	16	148	295
34	17	130	260
34	18	202	403
34	19	254	507
34	20	205	409
34	21	203	405
34	22	202	403
34	23	115	231
34	24	99	198
34	25	99	197
34	26	105	210
34	27	110	220
34	28	128	256
34	29	111	222
34	30	99	197
34	31	76	152
34	32	102	206
34	33	76	152
34	34	0	0
34	35	7	13
34	36	84	168
34	37	51	103
34	38	0	0
34	39	50	101
34	40	81	162
34	41	50	100
34	42	42	84
34	43	50	101
34	44	131	263
34	45	147	294
34	46	122	243
34	47	173	345
34	48	147	294
34	49	175	349
35	0	61	121
35	1	60	121
35	2	22	43
35	3	52	104
35	4	36	72
35	5	46	92
35	6	22	43
35	7	81	162
35	8	55	110
35	9	83	167
35	10	81	162
35	11	60	120
35	12	124	247
35	13	60	120
35	14	124	248
35	15	97	194
35	16	143	287
35	17	124	248
35	18	197	395
35	19	250	499
35	20	199	397
35	21	198	397
35	22	197	395
35	23	113	226
35	24	93	186
35	25	97	195
35	26	103	206
35	27	110	221
35	28	123	247
35	29	109	219
35	30	97	195
35	31	75	150
35	32	96	193
35	33	75	150
35	34	7	13
35	35	0	0
35	36	88	175
35	37	58	116
35	38	7	13
35	39	44	88
35	40	75	149
35	41	44	87
35	42	36	71
35	43	44	88
35	44	125	250
35	45	144	289
35	46	116	231
35	47	170	339
35	48	144	289
35	49	170	340
36	0	128	257
36	1	122	245
36	2	103	205
36	3	75	150
36	4	68	137
36	5	130	260
36	6	103	205
36	7	138	277
36	8	121	243
36	9	136	273
36	10	138	277
36	11	130	260
36	12	178	355
36	13	130	260
36	14	169	339
36	15	67	134
36	16	148	297
36	17	169	339
36	18	195	391
36	19	239	478
36	20	233	465
36	21	196	392
36	22	195	391
36	23	94	189
36	24	140	279
36	25	181	362
36	26	188	375
36	27	187	374
36	28	211	422
36	29	193	386
36	30	181	362
36	31	156	312
36	32	163	327
36	33	156	312
36	34	84	168
36	35	88	175
36	36	0	0
36	37	82	164
36	38	84	168
36	39	119	239
36	40	140	281
36	41	119	239
36	42	113	226
36	43	119	239
36	44	193	386
36	45	124	247
36	46	159	317
36	47	150	301
36	48	124	247
36	49	175	349
37	0	118	237
37	1	118	236
37	2	79	158
37	3	8	17
37	4	78	157
37	5	72	143
37	6	79	158
37	7	138	277
37	8	112	226
37	9	140	281
37	10	138	277
37	11	117	235
37	12	96	191
37	13	117	235
37	14	181	363
37	15	126	253
37	16	191	383
37	17	181	363
37	18	245	490
37	19	295	590
37	20	255	511
37	21	246	492
37	22	245	490
37	23	150	300
37	24	150	299
37	25	114	229
37	26	121	243
37	27	112	224
37	28	162	323
37	29	126	251
37	30	114	229
37	31	88	176
37	32	153	308
37	33	88	176
37	34	51	103
37	35	58	116
37	36	82	164
37	37	0	0
37	38	51	103
37	39	101	203
37	40	132	265
37	41	101	202
37	42	93	186
37	43	101	203
37	44	182	364
37	45	182	365
37	46	172	345
37	47	209	419
37	48	182	365
37	49	218	438
38	0	67	134
38	1	67	133
38	2	28	56
38	3	45	91
38	4	38	75
38	5	47	94
38	6	28	56
38	7	87	174
38	8	61	123
38	9	89	179
38	10	87	174
38	11	66	133
38	12	120	241
38	13	66	133
38	14	130	260
38	15	98	196
38	16	148	295
38	17	130	260
38	18	202	403
38	19	254	507
38	20	205	409
38	21	203	405
38	22	202	403
38	23	115	231
38	24	99	198
38	25	99	197
38	26	105	210
38	27	110	220
38	28	128	256
38	29	111	222
38	30	99	197
38	31	76	152
38	32	102	206
38	33	76	152
38	34	0	0
38	35	7	13
38	36	84	168
38	37	51	103
38	38	0	0
38	39	50	101
38	40	81	162
38	41	50	100
38	42	42	84
38	43	50	101
38	44	131	263
38	45	147	294
38	46	122	243
38	47	173	345
38	48	147	294
38	49	175	349
39	0	17	35
39	1	22	43
39	2	22	45
39	3	95	192
39	4	52	104
39	5	59	119
39	6	22	45
39	7	40	81
39	8	15	29
39	9	45	89
39	10	40	81
39	11	16	32
39	12	150	302
39	13	16	32
39	14	84	169
39	15	103	206
39	16	121	241
39	17	84	169
39	18	173	346
39	19	226	452
39	20	159	319
39	21	174	348
39	22	173	346
39	23	108	217
39	24	56	112
39	25	97	195
39	26	101	202
39	27	120	241
39	28	98	197
39	29	108	217
39	30	97	195
39	31	85	171
39	32	52	105
39	33	85	171
39	34	50	101
39	35	44	88
39	36	119	239
39	37	101	203
39	38	50	101
39	39	0	0
39	40	31	62
39	41	0	1
39	42	8	17
39	43	0	0
39	44	81	162
39	45	134	269
39	46	77	155
39	47	156	312
39	48	134	269
39	49	145	289
40	0	14	28
40	1	18	36
40	2	53	107
40	3	126	253
40	4	73	145
40	5	87	174
40	6	53	107
40	7	14	29
40	8	20	41
40	9	21	42
40	10	14	29
40	11	15	30
40	12	179	358
40	13	15	30
40	14	55	110
40	15	109	218
40	16	103	207
40	17	55	110
40	18	152	304
40	19	205	410
40	20	130	260
40	21	153	306
40	22	152	304
40	23	107	213
40	24	32	64
40	25	117	233
40	26	118	236
40	27	143	286
40	28	99	199
40	29	126	251
40	30	117	233
40	31	110	220
40	32	23	47
40	33	110	220
40	34	81	162
40	35	75	149
40	36	140	281
40	37	132	265
40	38	81	162
40	39	31	62
40	40	0	0
40	41	31	63
40	42	39	79
40	43	31	62
40	44	53	106
40	45	126	253
40	46	50	100
40	47	144	288
40	48	126	253
40	49	124	248
41	0	17	36
41	1	22	44
41	2	22	44
41	3	95	191
41	4	52	103
41	5	59	118
41	6	22	44
41	7	40	82
41	8	15	30
41	9	45	90
41	10	40	82
41	11	16	33
41	12	150	301
41	13	16	33
41	14	84	170
41	15	103	206
41	16	121	242
41	17	84	170
41	18	173	346
41	19	226	452
41	20	159	320
41	21	174	348
41	22	173	346
41	23	108	217
41	24	56	113
41	25	97	194
41	26	101	201
41	27	120	240
41	28	98	197
41	29	108	216
41	30	97	194
41	31	85	170
41	32	52	106
41	33	85	170
41	34	50	100
41	35	44	87
41	36	119	239
41	37	101	202
41	38	50	100
41	39	0	1
41	40	31	63
41	41	0	0
41	42	8	16
41	43	0	1
41	44	81	163
41	45	134	269
41	46	77	156
41	47	156	312
41	48	134	269
41	49	145	290
42	0	25	51
42	1	28	56
42	2	14	28
42	3	87	175
42	4	46	92
42	5	54	108
42	6	14	28
42	7	48	96
42	8	21	43
42	9	51	103
42	10	48	96
42	11	24	49
42	12	145	290
42	13	24	49
42	14	92	184
42	15	100	201
42	16	124	248
42	17	92	184
42	18	177	354
42	19	230	460
42	20	167	334
42	21	178	356
42	22	177	354
42	23	108	216
42	24	63	125
42	25	96	192
42	26	100	199
42	27	117	235
42	28	102	204
42	29	107	214
42	30	96	192
42	31	82	163
42	32	60	122
42	33	82	163
42	34	42	84
42	35	36	71
42	36	113	226
42	37	93	186
42	38	42	84
42	39	8	17
42	40	39	79
42	41	8	16
42	42	0	0
42	43	8	17
42	44	89	179
42	45	135	270
42	46	84	169
42	47	158	315
42	48	135	270
42	49	149	298
43	0	17	35
43	1	22	43
43	2	22	45
43	3	95	192
43	4	52	104
43	5	59	119
43	6	22	45
43	7	40	81
43	8	15	29
43	9	45	89
43	10	40	81
43	11	16	32
43	12	150	302
43	13	16	32
43	14	84	169
43	15	103	206
43	16	121	241
43	17	84	169
43	18	173	346
43	19	226	452
43	20	159	319
43	21	174	348
43	22	173	346
43	23	108	217
43	24	56	112
43	25	97	195
43	26	101	202
43	27	120	241
43	28	98	197
43	29	108	217
43	30	97	195
43	31	85	171
43	32	52	105
43	33	85	171
43	34	50	101
43	35	44	88
43	36	119	239
43	37	101	203
43	38	50	101
43	39	0	0
43	40	31	62
43	41	0	1
43	42	8	17
43	43	0	0
43	44	81	162
43	45	134	269
43	46	77	155
43	47	156	312
43	48	134	269
43	49	145	289
44	0	66	133
44	1	71	142
44	2	103	207
44	3	176	353
44	4	126	251
44	5	125	250
44	6	103	207
44	7	56	112
44	8	73	146
44	9	59	119
44	10	56	112
44	11	66	132
44	12	212	424
44	13	66	132
44	14	53	106
44	15	155	310
44	16	123	246
44	17	53	106
44	18	159	319
44	19	209	418
44	20	106	213
44	21	160	321
44	22	159	319
44	23	146	292
44	24	62	124
44	25	136	272
44	26	135	269
44	27	166	332
44	28	92	185
44	29	141	283
44	30	136	272
44	31	139	278
44	32	30	60
44	33	139	278
44	34	131	263
44	35	125	250
44	36	193	386
44	37	182	364
44	38	131	263
44	39	81	162
44	40	53	106
44	41	81	163
44	42	89	179
44	43	81	162
44	44	0	0
44	45	157	315
44	46	59	118
44	47	168	336
44	48	157	315
44	49	134	269
45	0	127	253
45	1	117	234
45	2	138	277
45	3	174	348
45	4	110	219
45	5	185	371
45	6	138	277
45	7	113	227
45	8	123	246
45	9	107	214
45	10	113	227
45	11	130	259
45	12	267	535
45	13	130	259
45	14	107	215
45	15	58	116
45	16	43	86
45	17	107	215
45	18	74	147
45	19	116	231
45	20	135	271
45	21	74	148
45	22	74	147
45	23	33	65
45	24	99	197
45	25	231	462
45	26	235	469
45	27	251	502
45	28	225	451
45	29	242	484
45	30	231	462
45	31	215	430
45	32	138	275
45	33	215	430
45	34	147	294
45	35	144	289
45	36	124	247
45	37	182	365
45	38	147	294
45	39	134	269
45	40	126	253
45	41	134	269
45	42	135	270
45	43	134	269
45	44	157	315
45	45	0	0
45	46	99	199
45	47	27	54
45	48	0	0
45	49	59	118
46	0	60	122
46	1	57	113
46	2	97	194
46	3	165	331
46	4	99	199
46	5	136	273
46	6	97	194
46	7	37	75
46	8	63	127
46	9	33	66
46	10	37	75
46	11	63	126
46	12	227	456
46	13	63	126
46	14	11	22
46	15	107	214
46	16	64	129
46	17	11	22
46	18	106	212
46	19	158	317
46	20	83	166
46	21	107	214
46	22	106	212
46	23	92	184
46	24	23	46
46	25	166	332
46	26	167	334
46	27	193	386
46	28	139	280
46	29	175	349
46	30	166	332
46	31	160	320
46	32	46	93
46	33	160	320
46	34	122	243
46	35	116	231
46	36	159	317
46	37	172	345
46	38	122	243
46	39	77	155
46	40	50	100
46	41	77	156
46	42	84	169
46	43	77	155
46	44	59	118
46	45	99	199
46	46	0	0
46	47	109	218
46	48	99	199
46	49	79	158
47	0	146	292
47	1	137	274
47	2	162	324
47	3	201	402
47	4	135	271
47	5	209	419
47	6	162	324
47	7	130	260
47	8	143	287
47	9	123	247
47	10	130	260
47	11	149	298
47	12	293	586
47	13	149	298
47	14	115	231
47	15	85	170
47	16	45	90
47	17	115	231
47	18	52	104
47	19	89	178
47	20	127	253
47	21	52	104
47	22	52	104
47	23	60	119
47	24	114	227
47	25	253	506
47	26	257	513
47	27	275	549
47	28	243	486
47	29	264	528
47	30	253	506
47	31	239	477
47	32	152	304
47	33	239	477
47	34	173	345
47	35	170	339
47	36	150	301
47	37	209	419
47	38	173	345
47	39	156	312
47	40	144	288
47	41	156	312
47	42	158	315
47	43	156	312
47	44	168	336
47	45	27	54
47	46	109	218
47	47	0	0
47	48	27	54
47	49	47	94
48	0	127	253
48	1	117	234
48	2	138	277
48	3	174	348
48	4	110	219
48	5	185	371
48	6	138	277
48	7	113	227
48	8	123	246
48	9	107	214
48	10	113	227
48	11	130	259
48	12	267	535
48	13	130	259
48	14	107	215
48	15	58	116
48	16	43	86
48	17	107	215
48	18	74	147
48	19	116	231
48	20	135	271
48	21	74	148
48	22	74	147
48	23	33	65
48	24	99	197
48	25	231	462
48	26	235	469
48	27	251	502
48	28	225	451
48	29	242	484
48	30	231	462
48	31	215	430
48	32	138	275
48	33	215	430
48	34	147	294
48	35	144	289
48	36	124	247
48	37	182	365
48	38	147	294
48	39	134	269
48	40	126	253
48	41	134	269
48	42	135	270
48	43	134	269
48	44	157	315
48	45	0	0
48	46	99	199
48	47	27	54
48	48	0	0
48	49	59	118
49	0	131	262
49	1	123	247
49	2	157	314
49	3	211	422
49	4	140	281
49	5	203	406
49	6	157	314
49	7	110	220
49	8	130	261
49	9	104	207
49	10	110	220
49	11	134	267
49	12	292	584
49	13	134	267
49	14	82	163
49	15	108	216
49	16	27	55
49	17	82	163
49	18	28	57
49	19	81	163
49	20	80	159
49	21	29	59
49	22	28	57
49	23	81	161
49	24	92	184
49	25	240	480
49	26	242	484
49	27	265	530
49	28	218	438
49	29	250	499
49	30	240	480
49	31	230	460
49	32	125	251
49	33	230	460
49	34	175	349
49	35	170	340
49	36	175	349
49	37	218	438
49	38	175	349
49	39	145	289
49	40	124	248
49	41	145	290
49	42	149	298
49	43	145	289
49	44	134	269
49	45	59	118
49	46	79	158
49	47	47	94
49	48	59	118
49	49	0	0
</TRAVEL_COSTS_TIMES>
