<NB_CUSTOMERS>15</NB_CUSTOMERS>
<NB_LOCATIONS>52</NB_LOCATIONS>
<NB_VEHICLES>6</NB_VEHICLES>
<VEHICLE_CAPACITY>750</VEHICLE_CAPACITY>
<EXTERNAL_VEHICLE_COST>4600</EXTERNAL_VEHICLE_COST>
<DEPOT>	ID	DEMAND	NBLOC	LOCS
0	0	1		0
</DEPOT>
<CUSTOMERS>	ID	DEMAND	NBLOC	LOCS
1	49	5			1	2	3	4	5
2	45	4			6	7	8	9
3	39	3			10	11	12
4	67	5			13	14	15	16	17
5	71	3			18	19	20
6	38	4			21	22	23	24
7	34	1			25
8	32	1			26
9	57	6			27	28	29	30	31	32
10	63	5			33	34	35	36	37
11	66	3			38	39	40
12	64	4			41	42	43	44
13	73	1			45
14	68	5			46	47	48	49	50
15	80	1			51
</CUSTOMERS>
<LOCATIONS>	ID	x	y	TWE	TWL
0	0	0	0	720
1	140.72	-102.863	0	12
2	95.0074	-110.031	105	123
3	113.528	-29.2959	289	302
4	87.0816	-131.482	513	523
5	140.72	-102.863	645	720
6	-82.4859	-80.7322	0	28
7	-104.707	-51.3835	102	162
8	-175.482	-38.3027	306	500
9	-82.4859	-80.7322	704	720
10	-71.3361	122.888	0	65
11	-75.1263	108.605	95	377
12	-71.3361	122.888	407	720
13	3.65703	29.4984	0	205
14	-6.29079	54.0633	258	345
15	-29.2116	91.7788	433	453
16	9.49443	16.0194	623	627
17	3.65703	29.4984	656	720
18	94.0166	50.3501	0	456
19	95.482	55.4551	467	498
20	94.0166	50.3501	509	720
21	82.5238	-110.937	0	1
22	60.0503	-116.079	47	74
23	-30.2055	-108.005	255	431
24	82.5238	-110.937	657	720
25	150.665	-54.2295	0	720
26	0.648253	153.511	0	720
27	-64.8253	-17.9971	0	99
28	-100.497	-30.6714	175	231
29	-31.1007	-20.5295	371	388
30	-54.0095	-12.2732	437	489
31	-56.195	-2.00704	510	550
32	-64.8253	-17.9971	586	720
33	-22.0409	-36.2072	0	9
34	-44.7023	-27.6523	57	235
35	-55.2926	-25.9334	256	287
36	0.49773	-49.7347	408	607
37	-22.0409	-36.2072	660	720
38	-0.86591	-13.0035	0	9
39	-25.9258	139.263	318	347
40	-0.86591	-13.0035	656	720
41	11.3729	-25.9663	0	80
42	10.4121	-29.1374	87	260
43	-3.63397	-35.3267	291	384
44	11.3729	-25.9663	419	720
45	32.3154	-128.933	0	720
46	-63.4041	-139.529	0	74
47	-36.1553	-151.91	134	218
48	19.701	-150.084	330	399
49	-63.1592	-152.506	565	636
50	-63.4041	-139.529	662	720
51	-56.913	17.6238	0	720
</LOCATIONS>
<TRAVEL_COSTS_TIMES>	IDFROM	IDTO	COST	TIME
0	0	0	0
0	1	174	349
0	2	145	291
0	3	117	234
0	4	158	315
0	5	174	349
0	6	115	231
0	7	117	233
0	8	179	359
0	9	115	231
0	10	142	284
0	11	132	264
0	12	142	284
0	13	30	59
0	14	54	109
0	15	96	193
0	16	19	37
0	17	30	59
0	18	107	213
0	19	110	221
0	20	107	213
0	21	138	277
0	22	130	261
0	23	112	224
0	24	138	277
0	25	160	320
0	26	154	307
0	27	67	135
0	28	105	210
0	29	37	75
0	30	55	111
0	31	56	112
0	32	67	135
0	33	42	85
0	34	52	105
0	35	61	122
0	36	50	99
0	37	42	85
0	38	13	26
0	39	141	283
0	40	13	26
0	41	28	57
0	42	31	62
0	43	35	71
0	44	28	57
0	45	133	266
0	46	153	307
0	47	156	312
0	48	151	303
0	49	165	330
0	50	153	307
0	51	60	119
1	0	174	349
1	1	0	0
1	2	46	93
1	3	78	157
1	4	61	122
1	5	0	0
1	6	224	449
1	7	251	502
1	8	323	645
1	9	224	449
1	10	310	619
1	11	302	604
1	12	310	619
1	13	191	381
1	14	215	430
1	15	258	517
1	16	177	354
1	17	191	381
1	18	160	320
1	19	165	329
1	20	160	320
1	21	59	118
1	22	81	163
1	23	171	342
1	24	59	118
1	25	50	99
1	26	292	584
1	27	222	445
1	28	252	504
1	29	190	381
1	30	214	430
1	31	221	442
1	32	222	445
1	33	176	352
1	34	200	400
1	35	211	421
1	36	150	300
1	37	176	352
1	38	168	335
1	39	294	588
1	40	168	335
1	41	150	301
1	42	150	299
1	43	159	319
1	44	150	301
1	45	111	223
1	46	207	414
1	47	183	367
1	48	130	260
1	49	209	420
1	50	207	414
1	51	231	463
2	0	145	291
2	1	46	93
2	2	0	0
2	3	83	166
2	4	23	46
2	5	46	93
2	6	180	360
2	7	208	416
2	8	280	560
2	9	180	360
2	10	286	572
2	11	277	554
2	12	286	572
2	13	167	334
2	14	193	386
2	15	237	474
2	16	152	305
2	17	167	334
2	18	160	321
2	19	165	331
2	20	160	321
2	21	13	25
2	22	35	71
2	23	125	250
2	24	13	25
2	25	79	158
2	26	280	560
2	27	184	369
2	28	211	422
2	29	155	309
2	30	178	356
2	31	186	371
2	32	184	369
2	33	138	277
2	34	162	324
2	35	172	344
2	36	112	224
2	37	138	277
2	38	136	273
2	39	277	554
2	40	136	273
2	41	119	237
2	42	117	234
2	43	124	247
2	44	119	237
2	45	65	131
2	46	161	322
2	47	137	275
2	48	85	171
2	49	163	328
2	50	161	322
2	51	198	397
3	0	117	234
3	1	78	157
3	2	83	166
3	3	0	0
3	4	106	211
3	5	78	157
3	6	203	405
3	7	219	439
3	8	288	578
3	9	203	405
3	10	239	479
3	11	234	467
3	12	239	479
3	13	125	249
3	14	146	292
3	15	187	374
3	16	113	227
3	17	125	249
3	18	82	164
3	19	87	173
3	20	82	164
3	21	87	175
3	22	102	204
3	23	164	328
3	24	87	175
3	25	45	89
3	26	215	430
3	27	179	357
3	28	214	428
3	29	145	290
3	30	168	337
3	31	172	344
3	32	179	357
3	33	135	271
3	34	158	316
3	35	169	337
3	36	115	230
3	37	135	271
3	38	116	231
3	39	219	438
3	40	116	231
3	41	102	204
3	42	103	206
3	43	117	235
3	44	102	204
3	45	129	257
3	46	208	417
3	47	193	387
3	48	153	306
3	49	215	431
3	50	208	417
3	51	177	353
4	0	158	315
4	1	61	122
4	2	23	46
4	3	106	211
4	4	0	0
4	5	61	122
4	6	177	354
4	7	208	416
4	8	279	557
4	9	177	354
4	10	300	599
4	11	290	579
4	12	300	599
4	13	181	362
4	14	208	415
4	15	251	503
4	16	167	333
4	17	181	362
4	18	182	364
4	19	187	374
4	20	182	364
4	21	21	42
4	22	31	62
4	23	120	239
4	24	21	42
4	25	100	200
4	26	298	596
4	27	189	379
4	28	213	426
4	29	162	324
4	30	185	369
4	31	193	386
4	32	189	379
4	33	145	290
4	34	168	336
4	35	177	354
4	36	119	238
4	37	145	290
4	38	148	295
4	39	293	587
4	40	148	295
4	41	130	260
4	42	128	256
4	43	132	264
4	44	130	260
4	45	55	110
4	46	151	301
4	47	125	250
4	48	70	140
4	49	152	303
4	50	151	301
4	51	207	414
5	0	174	349
5	1	0	0
5	2	46	93
5	3	78	157
5	4	61	122
5	5	0	0
5	6	224	449
5	7	251	502
5	8	323	645
5	9	224	449
5	10	310	619
5	11	302	604
5	12	310	619
5	13	191	381
5	14	215	430
5	15	258	517
5	16	177	354
5	17	191	381
5	18	160	320
5	19	165	329
5	20	160	320
5	21	59	118
5	22	81	163
5	23	171	342
5	24	59	118
5	25	50	99
5	26	292	584
5	27	222	445
5	28	252	504
5	29	190	381
5	30	214	430
5	31	221	442
5	32	222	445
5	33	176	352
5	34	200	400
5	35	211	421
5	36	150	300
5	37	176	352
5	38	168	335
5	39	294	588
5	40	168	335
5	41	150	301
5	42	150	299
5	43	159	319
5	44	150	301
5	45	111	223
5	46	207	414
5	47	183	367
5	48	130	260
5	49	209	420
5	50	207	414
5	51	231	463
6	0	115	231
6	1	224	449
6	2	180	360
6	3	203	405
6	4	177	354
6	5	224	449
6	6	0	0
6	7	37	74
6	8	102	204
6	9	0	0
6	10	204	408
6	11	189	379
6	12	204	408
6	13	140	280
6	14	155	310
6	15	180	361
6	16	133	267
6	17	140	280
6	18	220	440
6	19	224	448
6	20	220	440
6	21	168	336
6	22	147	294
6	23	59	118
6	24	168	336
6	25	235	469
6	26	249	497
6	27	65	130
6	28	53	106
6	29	79	158
6	30	74	148
6	31	83	166
6	32	65	130
6	33	75	150
6	34	65	130
6	35	61	122
6	36	89	177
6	37	75	150
6	38	106	212
6	39	227	454
6	40	106	212
6	41	109	217
6	42	106	213
6	43	91	182
6	44	109	217
6	45	125	249
6	46	62	124
6	47	85	170
6	48	123	247
6	49	74	149
6	50	62	124
6	51	101	203
7	0	117	233
7	1	251	502
7	2	208	416
7	3	219	439
7	4	208	416
7	5	251	502
7	6	37	74
7	7	0	0
7	8	72	144
7	9	37	74
7	10	177	355
7	11	163	325
7	12	177	355
7	13	135	270
7	14	144	288
7	15	162	324
7	16	133	265
7	17	135	270
7	18	223	446
7	19	227	454
7	20	223	446
7	21	196	393
7	22	177	354
7	23	94	187
7	24	196	393
7	25	255	510
7	26	230	461
7	27	52	104
7	28	21	42
7	29	80	160
7	30	64	128
7	31	69	138
7	32	52	104
7	33	84	168
7	34	65	129
7	35	56	111
7	36	105	210
7	37	84	168
7	38	111	221
7	39	206	413
7	40	111	221
7	41	119	238
7	42	117	234
7	43	102	205
7	44	119	238
7	45	157	315
7	46	97	195
7	47	122	243
7	48	159	318
7	49	109	219
7	50	97	195
7	51	84	168
8	0	179	359
8	1	323	645
8	2	280	560
8	3	288	578
8	4	279	557
8	5	323	645
8	6	102	204
8	7	72	144
8	8	0	0
8	9	102	204
8	10	192	384
8	11	178	356
8	12	192	384
8	13	192	383
8	14	193	386
8	15	196	391
8	16	193	385
8	17	192	383
8	18	284	567
8	19	287	573
8	20	284	567
8	21	268	536
8	22	248	496
8	23	161	322
8	24	268	536
8	25	326	653
8	26	260	521
8	27	113	225
8	28	75	151
8	29	145	291
8	30	124	248
8	31	125	249
8	32	113	225
8	33	153	307
8	34	131	262
8	35	120	242
8	36	176	353
8	37	153	307
8	38	176	353
8	39	232	464
8	40	176	353
8	41	187	374
8	42	186	372
8	43	171	344
8	44	187	374
8	45	227	453
8	46	151	302
8	47	180	360
8	48	225	450
8	49	160	320
8	50	151	302
8	51	131	262
9	0	115	231
9	1	224	449
9	2	180	360
9	3	203	405
9	4	177	354
9	5	224	449
9	6	0	0
9	7	37	74
9	8	102	204
9	9	0	0
9	10	204	408
9	11	189	379
9	12	204	408
9	13	140	280
9	14	155	310
9	15	180	361
9	16	133	267
9	17	140	280
9	18	220	440
9	19	224	448
9	20	220	440
9	21	168	336
9	22	147	294
9	23	59	118
9	24	168	336
9	25	235	469
9	26	249	497
9	27	65	130
9	28	53	106
9	29	79	158
9	30	74	148
9	31	83	166
9	32	65	130
9	33	75	150
9	34	65	130
9	35	61	122
9	36	89	177
9	37	75	150
9	38	106	212
9	39	227	454
9	40	106	212
9	41	109	217
9	42	106	213
9	43	91	182
9	44	109	217
9	45	125	249
9	46	62	124
9	47	85	170
9	48	123	247
9	49	74	149
9	50	62	124
9	51	101	203
10	0	142	284
10	1	310	619
10	2	286	572
10	3	239	479
10	4	300	599
10	5	310	619
10	6	204	408
10	7	177	355
10	8	192	384
10	9	204	408
10	10	0	0
10	11	15	30
10	12	0	0
10	13	120	240
10	14	95	189
10	15	52	105
10	16	134	268
10	17	120	240
10	18	181	361
10	19	180	360
10	20	181	361
10	21	280	560
10	22	272	545
10	23	234	469
10	24	280	560
10	25	284	568
10	26	78	156
10	27	141	282
10	28	156	313
10	29	149	298
10	30	136	272
10	31	126	251
10	32	141	282
10	33	167	333
10	34	153	306
10	35	150	299
10	36	187	374
10	37	167	333
10	38	153	306
10	39	48	97
10	40	153	306
10	41	170	341
10	42	173	345
10	43	172	344
10	44	170	341
10	45	272	545
10	46	263	525
10	47	277	553
10	48	288	576
10	49	276	551
10	50	263	525
10	51	106	212
11	0	132	264
11	1	302	604
11	2	277	554
11	3	234	467
11	4	290	579
11	5	302	604
11	6	189	379
11	7	163	325
11	8	178	356
11	9	189	379
11	10	15	30
11	11	0	0
11	12	15	30
11	13	112	223
11	14	88	176
11	15	49	98
11	16	125	251
11	17	112	223
11	18	179	358
11	19	179	357
11	20	179	358
11	21	270	541
11	22	262	524
11	23	221	442
11	24	270	541
11	25	278	556
11	26	88	176
11	27	127	254
11	28	142	283
11	29	136	273
11	30	122	245
11	31	112	224
11	32	127	254
11	33	154	308
11	34	140	279
11	35	136	272
11	36	175	351
11	37	154	308
11	38	142	285
11	39	58	116
11	40	142	285
11	41	160	320
11	42	162	324
11	43	161	321
11	44	160	320
11	45	260	521
11	46	248	497
11	47	263	526
11	48	275	551
11	49	261	523
11	50	248	497
11	51	93	186
12	0	142	284
12	1	310	619
12	2	286	572
12	3	239	479
12	4	300	599
12	5	310	619
12	6	204	408
12	7	177	355
12	8	192	384
12	9	204	408
12	10	0	0
12	11	15	30
12	12	0	0
12	13	120	240
12	14	95	189
12	15	52	105
12	16	134	268
12	17	120	240
12	18	181	361
12	19	180	360
12	20	181	361
12	21	280	560
12	22	272	545
12	23	234	469
12	24	280	560
12	25	284	568
12	26	78	156
12	27	141	282
12	28	156	313
12	29	149	298
12	30	136	272
12	31	126	251
12	32	141	282
12	33	167	333
12	34	153	306
12	35	150	299
12	36	187	374
12	37	167	333
12	38	153	306
12	39	48	97
12	40	153	306
12	41	170	341
12	42	173	345
12	43	172	344
12	44	170	341
12	45	272	545
12	46	263	525
12	47	277	553
12	48	288	576
12	49	276	551
12	50	263	525
12	51	106	212
13	0	30	59
13	1	191	381
13	2	167	334
13	3	125	249
13	4	181	362
13	5	191	381
13	6	140	280
13	7	135	270
13	8	192	383
13	9	140	280
13	10	120	240
13	11	112	223
13	12	120	240
13	13	0	0
13	14	27	53
13	15	70	141
13	16	15	29
13	17	0	0
13	18	93	185
13	19	95	191
13	20	93	185
13	21	161	322
13	22	156	312
13	23	142	283
13	24	161	322
13	25	169	338
13	26	124	248
13	27	83	166
13	28	120	241
13	29	61	122
13	30	71	142
13	31	68	135
13	32	83	166
13	33	71	141
13	34	75	150
13	35	81	162
13	36	79	158
13	37	71	141
13	38	43	85
13	39	114	227
13	40	43	85
13	41	56	112
13	42	59	118
13	43	65	130
13	44	56	112
13	45	161	322
13	46	182	364
13	47	186	371
13	48	180	361
13	49	194	388
13	50	182	364
13	51	62	123
14	0	54	109
14	1	215	430
14	2	193	386
14	3	146	292
14	4	208	415
14	5	215	430
14	6	155	310
14	7	144	288
14	8	193	386
14	9	155	310
14	10	95	189
14	11	88	176
14	12	95	189
14	13	27	53
14	14	0	0
14	15	44	88
14	16	41	82
14	17	27	53
14	18	100	201
14	19	102	204
14	20	100	201
14	21	187	375
14	22	182	365
14	23	164	328
14	24	187	375
14	25	191	381
14	26	100	199
14	27	93	186
14	28	127	253
14	29	79	157
14	30	82	163
14	31	75	150
14	32	93	186
14	33	92	183
14	34	90	181
14	35	94	188
14	36	104	208
14	37	92	183
14	38	67	135
14	39	87	175
14	40	67	135
14	41	82	164
14	42	85	170
14	43	89	179
14	44	82	164
14	45	187	374
14	46	202	404
14	47	208	416
14	48	205	412
14	49	214	429
14	50	202	404
14	51	62	125
15	0	96	193
15	1	258	517
15	2	237	474
15	3	187	374
15	4	251	503
15	5	258	517
15	6	180	361
15	7	162	324
15	8	196	391
15	9	180	361
15	10	52	105
15	11	49	98
15	12	52	105
15	13	70	141
15	14	44	88
15	15	0	0
15	16	85	170
15	17	70	141
15	18	130	260
15	19	130	260
15	20	130	260
15	21	231	463
15	22	226	452
15	23	199	400
15	24	231	463
15	25	232	463
15	26	69	137
15	27	115	231
15	28	142	283
15	29	112	225
15	30	107	214
15	31	98	195
15	32	115	231
15	33	128	256
15	34	120	241
15	35	121	241
15	36	145	289
15	37	128	256
15	38	109	217
15	39	48	95
15	40	109	217
15	41	124	249
15	42	127	254
15	43	130	259
15	44	124	249
15	45	229	458
15	46	233	468
15	47	243	488
15	48	247	493
15	49	246	493
15	50	233	468
15	51	79	158
16	0	19	37
16	1	177	354
16	2	152	305
16	3	113	227
16	4	167	333
16	5	177	354
16	6	133	267
16	7	133	265
16	8	193	385
16	9	133	267
16	10	134	268
16	11	125	251
16	12	134	268
16	13	15	29
16	14	41	82
16	15	85	170
16	16	0	0
16	17	15	29
16	18	91	182
16	19	95	189
16	20	91	182
16	21	146	293
16	22	141	283
16	23	130	260
16	24	146	293
16	25	158	315
16	26	138	276
16	27	82	163
16	28	119	239
16	29	55	109
16	30	70	139
16	31	68	136
16	32	82	163
16	33	61	122
16	34	70	139
16	35	77	154
16	36	66	133
16	37	61	122
16	38	31	62
16	39	128	256
16	40	31	62
16	41	42	84
16	42	45	90
16	43	53	106
16	44	42	84
16	45	147	293
16	46	172	344
16	47	174	348
16	48	166	333
16	49	184	367
16	50	172	344
16	51	66	133
17	0	30	59
17	1	191	381
17	2	167	334
17	3	125	249
17	4	181	362
17	5	191	381
17	6	140	280
17	7	135	270
17	8	192	383
17	9	140	280
17	10	120	240
17	11	112	223
17	12	120	240
17	13	0	0
17	14	27	53
17	15	70	141
17	16	15	29
17	17	0	0
17	18	93	185
17	19	95	191
17	20	93	185
17	21	161	322
17	22	156	312
17	23	142	283
17	24	161	322
17	25	169	338
17	26	124	248
17	27	83	166
17	28	120	241
17	29	61	122
17	30	71	142
17	31	68	135
17	32	83	166
17	33	71	141
17	34	75	150
17	35	81	162
17	36	79	158
17	37	71	141
17	38	43	85
17	39	114	227
17	40	43	85
17	41	56	112
17	42	59	118
17	43	65	130
17	44	56	112
17	45	161	322
17	46	182	364
17	47	186	371
17	48	180	361
17	49	194	388
17	50	182	364
17	51	62	123
18	0	107	213
18	1	160	320
18	2	160	321
18	3	82	164
18	4	182	364
18	5	160	320
18	6	220	440
18	7	223	446
18	8	284	567
18	9	220	440
18	10	181	361
18	11	179	358
18	12	181	361
18	13	93	185
18	14	100	201
18	15	130	260
18	16	91	182
18	17	93	185
18	18	0	0
18	19	5	11
18	20	0	0
18	21	162	323
18	22	170	340
18	23	201	403
18	24	162	323
18	25	119	238
18	26	139	278
18	27	173	345
18	28	210	421
18	29	144	288
18	30	161	321
18	31	159	318
18	32	173	345
18	33	145	290
18	34	159	318
18	35	168	335
18	36	137	274
18	37	145	290
18	38	114	228
18	39	149	299
18	40	114	228
18	41	112	225
18	42	115	231
18	43	130	260
18	44	112	225
18	45	190	379
18	46	247	493
18	47	241	481
18	48	214	428
18	49	256	513
18	50	247	493
18	51	154	308
19	0	110	221
19	1	165	329
19	2	165	331
19	3	87	173
19	4	187	374
19	5	165	329
19	6	224	448
19	7	227	454
19	8	287	573
19	9	224	448
19	10	180	360
19	11	179	357
19	12	180	360
19	13	95	191
19	14	102	204
19	15	130	260
19	16	95	189
19	17	95	191
19	18	5	11
19	19	0	0
19	20	5	11
19	21	167	334
19	22	175	350
19	23	206	412
19	24	167	334
19	25	123	246
19	26	136	273
19	27	176	352
19	28	214	428
19	29	147	295
19	30	164	328
19	31	162	324
19	32	176	352
19	33	149	298
19	34	162	326
19	35	171	343
19	36	142	283
19	37	149	298
19	38	118	236
19	39	148	295
19	40	118	236
19	41	117	234
19	42	120	240
19	43	134	269
19	44	117	234
19	45	195	390
19	46	252	503
19	47	246	491
19	48	219	438
19	49	261	523
19	50	252	503
19	51	157	314
20	0	107	213
20	1	160	320
20	2	160	321
20	3	82	164
20	4	182	364
20	5	160	320
20	6	220	440
20	7	223	446
20	8	284	567
20	9	220	440
20	10	181	361
20	11	179	358
20	12	181	361
20	13	93	185
20	14	100	201
20	15	130	260
20	16	91	182
20	17	93	185
20	18	0	0
20	19	5	11
20	20	0	0
20	21	162	323
20	22	170	340
20	23	201	403
20	24	162	323
20	25	119	238
20	26	139	278
20	27	173	345
20	28	210	421
20	29	144	288
20	30	161	321
20	31	159	318
20	32	173	345
20	33	145	290
20	34	159	318
20	35	168	335
20	36	137	274
20	37	145	290
20	38	114	228
20	39	149	299
20	40	114	228
20	41	112	225
20	42	115	231
20	43	130	260
20	44	112	225
20	45	190	379
20	46	247	493
20	47	241	481
20	48	214	428
20	49	256	513
20	50	247	493
20	51	154	308
21	0	138	277
21	1	59	118
21	2	13	25
21	3	87	175
21	4	21	42
21	5	59	118
21	6	168	336
21	7	196	393
21	8	268	536
21	9	168	336
21	10	280	560
21	11	270	541
21	12	280	560
21	13	161	322
21	14	187	375
21	15	231	463
21	16	146	293
21	17	161	322
21	18	162	323
21	19	167	334
21	20	162	323
21	21	0	0
21	22	23	46
21	23	113	226
21	24	0	0
21	25	89	177
21	26	277	554
21	27	174	348
21	28	200	400
21	29	145	290
21	30	168	337
21	31	176	352
21	32	174	348
21	33	128	257
21	34	152	304
21	35	162	324
21	36	102	205
21	37	128	257
21	38	129	257
21	39	273	545
21	40	129	257
21	41	111	222
21	42	109	218
21	43	115	229
21	44	111	222
21	45	53	107
21	46	149	297
21	47	125	251
21	48	74	148
21	49	151	303
21	50	149	297
21	51	190	379
22	0	130	261
22	1	81	163
22	2	35	71
22	3	102	204
22	4	31	62
22	5	81	163
22	6	147	294
22	7	177	354
22	8	248	496
22	9	147	294
22	10	272	545
22	11	262	524
22	12	272	545
22	13	156	312
22	14	182	365
22	15	226	452
22	16	141	283
22	17	156	312
22	18	170	340
22	19	175	350
22	20	170	340
22	21	23	46
22	22	0	0
22	23	91	181
22	24	23	46
22	25	110	219
22	26	276	552
22	27	158	318
22	28	182	364
22	29	132	264
22	30	154	308
22	31	163	326
22	32	158	318
22	33	115	229
22	34	137	274
22	35	146	293
22	36	89	178
22	37	115	229
22	38	120	239
22	39	269	539
22	40	120	239
22	41	102	205
22	42	100	200
22	43	103	206
22	44	102	205
22	45	31	61
22	46	126	251
22	47	103	205
22	48	53	106
22	49	128	257
22	50	126	251
22	51	178	355
23	0	112	224
23	1	171	342
23	2	125	250
23	3	164	328
23	4	120	239
23	5	171	342
23	6	59	118
23	7	94	187
23	8	161	322
23	9	59	118
23	10	234	469
23	11	221	442
23	12	234	469
23	13	142	283
23	14	164	328
23	15	199	400
23	16	130	260
23	17	142	283
23	18	201	403
23	19	206	412
23	20	201	403
23	21	113	226
23	22	91	181
23	23	0	0
23	24	113	226
23	25	189	377
23	26	263	527
23	27	96	193
23	28	105	209
23	29	87	175
23	30	99	197
23	31	109	218
23	32	96	193
23	33	72	145
23	34	82	163
23	35	86	172
23	36	66	132
23	37	72	145
23	38	99	199
23	39	247	495
23	40	99	199
23	41	92	184
23	42	89	177
23	43	77	155
23	44	92	184
23	45	66	132
23	46	46	92
23	47	44	89
23	48	65	131
23	49	55	111
23	50	46	92
23	51	128	257
24	0	138	277
24	1	59	118
24	2	13	25
24	3	87	175
24	4	21	42
24	5	59	118
24	6	168	336
24	7	196	393
24	8	268	536
24	9	168	336
24	10	280	560
24	11	270	541
24	12	280	560
24	13	161	322
24	14	187	375
24	15	231	463
24	16	146	293
24	17	161	322
24	18	162	323
24	19	167	334
24	20	162	323
24	21	0	0
24	22	23	46
24	23	113	226
24	24	0	0
24	25	89	177
24	26	277	554
24	27	174	348
24	28	200	400
24	29	145	290
24	30	168	337
24	31	176	352
24	32	174	348
24	33	128	257
24	34	152	304
24	35	162	324
24	36	102	205
24	37	128	257
24	38	129	257
24	39	273	545
24	40	129	257
24	41	111	222
24	42	109	218
24	43	115	229
24	44	111	222
24	45	53	107
24	46	149	297
24	47	125	251
24	48	74	148
24	49	151	303
24	50	149	297
24	51	190	379
25	0	160	320
25	1	50	99
25	2	79	158
25	3	45	89
25	4	100	200
25	5	50	99
25	6	235	469
25	7	255	510
25	8	326	653
25	9	235	469
25	10	284	568
25	11	278	556
25	12	284	568
25	13	169	338
25	14	191	381
25	15	232	463
25	16	158	315
25	17	169	338
25	18	119	238
25	19	123	246
25	20	119	238
25	21	89	177
25	22	110	219
25	23	189	377
25	24	89	177
25	25	0	0
25	26	256	512
25	27	218	437
25	28	252	504
25	29	184	370
25	30	208	418
25	31	213	427
25	32	218	437
25	33	173	347
25	34	197	394
25	35	208	415
25	36	150	300
25	37	173	347
25	38	157	314
25	39	262	524
25	40	157	314
25	41	142	284
25	42	142	285
25	43	155	311
25	44	142	284
25	45	140	280
25	46	230	461
25	47	211	422
25	48	162	325
25	49	235	471
25	50	230	461
25	51	220	439
26	0	154	307
26	1	292	584
26	2	280	560
26	3	215	430
26	4	298	596
26	5	292	584
26	6	249	497
26	7	230	461
26	8	260	521
26	9	249	497
26	10	78	156
26	11	88	176
26	12	78	156
26	13	124	248
26	14	100	199
26	15	69	137
26	16	138	276
26	17	124	248
26	18	139	278
26	19	136	273
26	20	139	278
26	21	277	554
26	22	276	552
26	23	263	527
26	24	277	554
26	25	256	512
26	26	0	0
26	27	184	367
26	28	210	420
26	29	177	354
26	30	175	349
26	31	166	331
26	32	184	367
26	33	191	382
26	34	187	374
26	35	188	376
26	36	203	406
26	37	191	382
26	38	167	333
26	39	30	60
26	40	167	333
26	41	180	360
26	42	183	366
26	43	189	378
26	44	180	360
26	45	284	568
26	46	300	600
26	47	307	615
26	48	304	608
26	49	313	625
26	50	300	600
26	51	148	295
27	0	67	135
27	1	222	445
27	2	184	369
27	3	179	357
27	4	189	379
27	5	222	445
27	6	65	130
27	7	52	104
27	8	113	225
27	9	65	130
27	10	141	282
27	11	127	254
27	12	141	282
27	13	83	166
27	14	93	186
27	15	115	231
27	16	82	163
27	17	83	166
27	18	173	345
27	19	176	352
27	20	173	345
27	21	174	348
27	22	158	318
27	23	96	193
27	24	174	348
27	25	218	437
27	26	184	367
27	27	0	0
27	28	38	76
27	29	34	68
27	30	12	24
27	31	18	36
27	32	0	0
27	33	46	93
27	34	22	45
27	35	12	25
27	36	72	145
27	37	46	93
27	38	64	128
27	39	162	324
27	40	64	128
27	41	77	153
27	42	76	152
27	43	64	127
27	44	77	153
27	45	147	295
27	46	122	243
27	47	137	274
27	48	157	314
27	49	135	269
27	50	122	243
27	51	36	73
28	0	105	210
28	1	252	504
28	2	211	422
28	3	214	428
28	4	213	426
28	5	252	504
28	6	53	106
28	7	21	42
28	8	75	151
28	9	53	106
28	10	156	313
28	11	142	283
28	12	156	313
28	13	120	241
28	14	127	253
28	15	142	283
28	16	119	239
28	17	120	241
28	18	210	421
28	19	214	428
28	20	210	421
28	21	200	400
28	22	182	364
28	23	105	209
28	24	200	400
28	25	252	504
28	26	210	420
28	27	38	76
28	28	0	0
28	29	70	140
28	30	50	100
28	31	53	106
28	32	38	76
28	33	79	157
28	34	56	112
28	35	45	91
28	36	103	206
28	37	79	157
28	38	101	202
28	39	186	371
28	40	101	202
28	41	112	224
28	42	111	222
28	43	97	194
28	44	112	224
28	45	165	330
28	46	115	230
28	47	137	275
28	48	169	339
28	49	127	255
28	50	115	230
28	51	65	130
29	0	37	75
29	1	190	381
29	2	155	309
29	3	145	290
29	4	162	324
29	5	190	381
29	6	79	158
29	7	80	160
29	8	145	291
29	9	79	158
29	10	149	298
29	11	136	273
29	12	149	298
29	13	61	122
29	14	79	157
29	15	112	225
29	16	55	109
29	17	61	122
29	18	144	288
29	19	147	295
29	20	144	288
29	21	145	290
29	22	132	264
29	23	87	175
29	24	145	290
29	25	184	370
29	26	177	354
29	27	34	68
29	28	70	140
29	29	0	0
29	30	24	49
29	31	31	62
29	32	34	68
29	33	18	36
29	34	15	31
29	35	25	50
29	36	43	86
29	37	18	36
29	38	31	62
29	39	160	320
29	40	31	62
29	41	43	86
29	42	42	85
29	43	31	62
29	44	43	86
29	45	125	251
29	46	123	247
29	47	131	263
29	48	139	278
29	49	136	272
29	50	123	247
29	51	46	92
30	0	55	111
30	1	214	430
30	2	178	356
30	3	168	337
30	4	185	369
30	5	214	430
30	6	74	148
30	7	64	128
30	8	124	248
30	9	74	148
30	10	136	272
30	11	122	245
30	12	136	272
30	13	71	142
30	14	82	163
30	15	107	214
30	16	70	139
30	17	71	142
30	18	161	321
30	19	164	328
30	20	161	321
30	21	168	337
30	22	154	308
30	23	99	197
30	24	168	337
30	25	208	418
30	26	175	349
30	27	12	24
30	28	50	100
30	29	24	49
30	30	0	0
30	31	10	21
30	32	12	24
30	33	40	80
30	34	18	36
30	35	14	27
30	36	66	132
30	37	40	80
30	38	53	106
30	39	154	308
30	40	53	106
30	41	67	134
30	42	66	133
30	43	55	111
30	44	67	134
30	45	145	290
30	46	128	255
30	47	141	282
30	48	156	313
30	49	141	281
30	50	128	255
30	51	30	60
31	0	56	112
31	1	221	442
31	2	186	371
31	3	172	344
31	4	193	386
31	5	221	442
31	6	83	166
31	7	69	138
31	8	125	249
31	9	83	166
31	10	126	251
31	11	112	224
31	12	126	251
31	13	68	135
31	14	75	150
31	15	98	195
31	16	68	136
31	17	68	135
31	18	159	318
31	19	162	324
31	20	159	318
31	21	176	352
31	22	163	326
31	23	109	218
31	24	176	352
31	25	213	427
31	26	166	331
31	27	18	36
31	28	53	106
31	29	31	62
31	30	10	21
31	31	0	0
31	32	18	36
31	33	48	97
31	34	28	56
31	35	24	48
31	36	74	148
31	37	48	97
31	38	56	113
31	39	144	289
31	40	56	113
31	41	72	143
31	42	72	144
31	43	62	124
31	44	72	143
31	45	155	309
31	46	138	275
31	47	151	302
31	48	166	333
31	49	151	301
31	50	138	275
31	51	20	39
32	0	67	135
32	1	222	445
32	2	184	369
32	3	179	357
32	4	189	379
32	5	222	445
32	6	65	130
32	7	52	104
32	8	113	225
32	9	65	130
32	10	141	282
32	11	127	254
32	12	141	282
32	13	83	166
32	14	93	186
32	15	115	231
32	16	82	163
32	17	83	166
32	18	173	345
32	19	176	352
32	20	173	345
32	21	174	348
32	22	158	318
32	23	96	193
32	24	174	348
32	25	218	437
32	26	184	367
32	27	0	0
32	28	38	76
32	29	34	68
32	30	12	24
32	31	18	36
32	32	0	0
32	33	46	93
32	34	22	45
32	35	12	25
32	36	72	145
32	37	46	93
32	38	64	128
32	39	162	324
32	40	64	128
32	41	77	153
32	42	76	152
32	43	64	127
32	44	77	153
32	45	147	295
32	46	122	243
32	47	137	274
32	48	157	314
32	49	135	269
32	50	122	243
32	51	36	73
33	0	42	85
33	1	176	352
33	2	138	277
33	3	135	271
33	4	145	290
33	5	176	352
33	6	75	150
33	7	84	168
33	8	153	307
33	9	75	150
33	10	167	333
33	11	154	308
33	12	167	333
33	13	71	141
33	14	92	183
33	15	128	256
33	16	61	122
33	17	71	141
33	18	145	290
33	19	149	298
33	20	145	290
33	21	128	257
33	22	115	229
33	23	72	145
33	24	128	257
33	25	173	347
33	26	191	382
33	27	46	93
33	28	79	157
33	29	18	36
33	30	40	80
33	31	48	97
33	32	46	93
33	33	0	0
33	34	24	48
33	35	35	69
33	36	26	53
33	37	0	0
33	38	31	63
33	39	176	351
33	40	31	63
33	41	35	70
33	42	33	66
33	43	18	37
33	44	35	70
33	45	107	215
33	46	111	223
33	47	116	233
33	48	121	243
33	49	123	247
33	50	111	223
33	51	64	128
34	0	52	105
34	1	200	400
34	2	162	324
34	3	158	316
34	4	168	336
34	5	200	400
34	6	65	130
34	7	65	129
34	8	131	262
34	9	65	130
34	10	153	306
34	11	140	279
34	12	153	306
34	13	75	150
34	14	90	181
34	15	120	241
34	16	70	139
34	17	75	150
34	18	159	318
34	19	162	326
34	20	159	318
34	21	152	304
34	22	137	274
34	23	82	163
34	24	152	304
34	25	197	394
34	26	187	374
34	27	22	45
34	28	56	112
34	29	15	31
34	30	18	36
34	31	28	56
34	32	22	45
34	33	24	48
34	34	0	0
34	35	11	21
34	36	50	101
34	37	24	48
34	38	46	92
34	39	168	336
34	40	46	92
34	41	56	112
34	42	55	110
34	43	42	84
34	44	56	112
34	45	127	254
34	46	113	227
34	47	125	249
34	48	138	277
34	49	126	252
34	50	113	227
34	51	47	94
35	0	61	122
35	1	211	421
35	2	172	344
35	3	169	337
35	4	177	354
35	5	211	421
35	6	61	122
35	7	56	111
35	8	120	242
35	9	61	122
35	10	150	299
35	11	136	272
35	12	150	299
35	13	81	162
35	14	94	188
35	15	121	241
35	16	77	154
35	17	81	162
35	18	168	335
35	19	171	343
35	20	168	335
35	21	162	324
35	22	146	293
35	23	86	172
35	24	162	324
35	25	208	415
35	26	188	376
35	27	12	25
35	28	45	91
35	29	25	50
35	30	14	27
35	31	24	48
35	32	12	25
35	33	35	69
35	34	11	21
35	35	0	0
35	36	61	121
35	37	35	69
35	38	56	112
35	39	168	335
35	40	56	112
35	41	67	133
35	42	66	131
35	43	53	105
35	44	67	133
35	45	135	270
35	46	114	228
35	47	127	255
35	48	145	290
35	49	127	254
35	50	114	228
35	51	44	87
36	0	50	99
36	1	150	300
36	2	112	224
36	3	115	230
36	4	119	238
36	5	150	300
36	6	89	177
36	7	105	210
36	8	176	353
36	9	89	177
36	10	187	374
36	11	175	351
36	12	187	374
36	13	79	158
36	14	104	208
36	15	145	289
36	16	66	133
36	17	79	158
36	18	137	274
36	19	142	283
36	20	137	274
36	21	102	205
36	22	89	178
36	23	66	132
36	24	102	205
36	25	150	300
36	26	203	406
36	27	72	145
36	28	103	206
36	29	43	86
36	30	66	132
36	31	74	148
36	32	72	145
36	33	26	53
36	34	50	101
36	35	61	121
36	36	0	0
36	37	26	53
36	38	37	74
36	39	191	382
36	40	37	74
36	41	26	52
36	42	23	46
36	43	15	30
36	44	26	52
36	45	85	171
36	46	110	220
36	47	109	217
36	48	102	204
36	49	121	242
36	50	110	220
36	51	89	177
37	0	42	85
37	1	176	352
37	2	138	277
37	3	135	271
37	4	145	290
37	5	176	352
37	6	75	150
37	7	84	168
37	8	153	307
37	9	75	150
37	10	167	333
37	11	154	308
37	12	167	333
37	13	71	141
37	14	92	183
37	15	128	256
37	16	61	122
37	17	71	141
37	18	145	290
37	19	149	298
37	20	145	290
37	21	128	257
37	22	115	229
37	23	72	145
37	24	128	257
37	25	173	347
37	26	191	382
37	27	46	93
37	28	79	157
37	29	18	36
37	30	40	80
37	31	48	97
37	32	46	93
37	33	0	0
37	34	24	48
37	35	35	69
37	36	26	53
37	37	0	0
37	38	31	63
37	39	176	351
37	40	31	63
37	41	35	70
37	42	33	66
37	43	18	37
37	44	35	70
37	45	107	215
37	46	111	223
37	47	116	233
37	48	121	243
37	49	123	247
37	50	111	223
37	51	64	128
38	0	13	26
38	1	168	335
38	2	136	273
38	3	116	231
38	4	148	295
38	5	168	335
38	6	106	212
38	7	111	221
38	8	176	353
38	9	106	212
38	10	153	306
38	11	142	285
38	12	153	306
38	13	43	85
38	14	67	135
38	15	109	217
38	16	31	62
38	17	43	85
38	18	114	228
38	19	118	236
38	20	114	228
38	21	129	257
38	22	120	239
38	23	99	199
38	24	129	257
38	25	157	314
38	26	167	333
38	27	64	128
38	28	101	202
38	29	31	62
38	30	53	106
38	31	56	113
38	32	64	128
38	33	31	63
38	34	46	92
38	35	56	112
38	36	37	74
38	37	31	63
38	38	0	0
38	39	154	309
38	40	0	0
38	41	18	36
38	42	20	39
38	43	22	45
38	44	18	36
38	45	121	241
38	46	141	282
38	47	143	287
38	48	139	277
38	49	153	306
38	50	141	282
38	51	64	128
39	0	141	283
39	1	294	588
39	2	277	554
39	3	219	438
39	4	293	587
39	5	294	588
39	6	227	454
39	7	206	413
39	8	232	464
39	9	227	454
39	10	48	97
39	11	58	116
39	12	48	97
39	13	114	227
39	14	87	175
39	15	48	95
39	16	128	256
39	17	114	227
39	18	149	299
39	19	148	295
39	20	149	299
39	21	273	545
39	22	269	539
39	23	247	495
39	24	273	545
39	25	262	524
39	26	30	60
39	27	162	324
39	28	186	371
39	29	160	320
39	30	154	308
39	31	144	289
39	32	162	324
39	33	176	351
39	34	168	336
39	35	168	335
39	36	191	382
39	37	176	351
39	38	154	309
39	39	0	0
39	40	154	309
39	41	169	339
39	42	172	345
39	43	176	352
39	44	169	339
39	45	274	549
39	46	281	563
39	47	291	583
39	48	292	586
39	49	294	588
39	50	281	563
39	51	126	251
40	0	13	26
40	1	168	335
40	2	136	273
40	3	116	231
40	4	148	295
40	5	168	335
40	6	106	212
40	7	111	221
40	8	176	353
40	9	106	212
40	10	153	306
40	11	142	285
40	12	153	306
40	13	43	85
40	14	67	135
40	15	109	217
40	16	31	62
40	17	43	85
40	18	114	228
40	19	118	236
40	20	114	228
40	21	129	257
40	22	120	239
40	23	99	199
40	24	129	257
40	25	157	314
40	26	167	333
40	27	64	128
40	28	101	202
40	29	31	62
40	30	53	106
40	31	56	113
40	32	64	128
40	33	31	63
40	34	46	92
40	35	56	112
40	36	37	74
40	37	31	63
40	38	0	0
40	39	154	309
40	40	0	0
40	41	18	36
40	42	20	39
40	43	22	45
40	44	18	36
40	45	121	241
40	46	141	282
40	47	143	287
40	48	139	277
40	49	153	306
40	50	141	282
40	51	64	128
41	0	28	57
41	1	150	301
41	2	119	237
41	3	102	204
41	4	130	260
41	5	150	301
41	6	109	217
41	7	119	238
41	8	187	374
41	9	109	217
41	10	170	341
41	11	160	320
41	12	170	341
41	13	56	112
41	14	82	164
41	15	124	249
41	16	42	84
41	17	56	112
41	18	112	225
41	19	117	234
41	20	112	225
41	21	111	222
41	22	102	205
41	23	92	184
41	24	111	222
41	25	142	284
41	26	180	360
41	27	77	153
41	28	112	224
41	29	43	86
41	30	67	134
41	31	72	143
41	32	77	153
41	33	35	70
41	34	56	112
41	35	67	133
41	36	26	52
41	37	35	70
41	38	18	36
41	39	169	339
41	40	18	36
41	41	0	0
41	42	3	7
41	43	18	35
41	44	0	0
41	45	105	210
41	46	136	272
41	47	134	269
41	48	124	249
41	49	147	294
41	50	136	272
41	51	81	162
42	0	31	62
42	1	150	299
42	2	117	234
42	3	103	206
42	4	128	256
42	5	150	299
42	6	106	213
42	7	117	234
42	8	186	372
42	9	106	213
42	10	173	345
42	11	162	324
42	12	173	345
42	13	59	118
42	14	85	170
42	15	127	254
42	16	45	90
42	17	59	118
42	18	115	231
42	19	120	240
42	20	115	231
42	21	109	218
42	22	100	200
42	23	89	177
42	24	109	218
42	25	142	285
42	26	183	366
42	27	76	152
42	28	111	222
42	29	42	85
42	30	66	133
42	31	72	144
42	32	76	152
42	33	33	66
42	34	55	110
42	35	66	131
42	36	23	46
42	37	33	66
42	38	20	39
42	39	172	345
42	40	20	39
42	41	3	7
42	42	0	0
42	43	15	31
42	44	3	7
42	45	102	204
42	46	133	266
42	47	131	263
42	48	121	243
42	49	144	287
42	50	133	266
42	51	82	164
43	0	35	71
43	1	159	319
43	2	124	247
43	3	117	235
43	4	132	264
43	5	159	319
43	6	91	182
43	7	102	205
43	8	171	344
43	9	91	182
43	10	172	344
43	11	161	321
43	12	172	344
43	13	65	130
43	14	89	179
43	15	130	259
43	16	53	106
43	17	65	130
43	18	130	260
43	19	134	269
43	20	130	260
43	21	115	229
43	22	103	206
43	23	77	155
43	24	115	229
43	25	155	311
43	26	189	378
43	27	64	127
43	28	97	194
43	29	31	62
43	30	55	111
43	31	62	124
43	32	64	127
43	33	18	37
43	34	42	84
43	35	53	105
43	36	15	30
43	37	18	37
43	38	22	45
43	39	176	352
43	40	22	45
43	41	18	35
43	42	15	31
43	43	0	0
43	44	18	35
43	45	100	201
43	46	120	240
43	47	121	242
43	48	117	234
43	49	131	263
43	50	120	240
43	51	75	150
44	0	28	57
44	1	150	301
44	2	119	237
44	3	102	204
44	4	130	260
44	5	150	301
44	6	109	217
44	7	119	238
44	8	187	374
44	9	109	217
44	10	170	341
44	11	160	320
44	12	170	341
44	13	56	112
44	14	82	164
44	15	124	249
44	16	42	84
44	17	56	112
44	18	112	225
44	19	117	234
44	20	112	225
44	21	111	222
44	22	102	205
44	23	92	184
44	24	111	222
44	25	142	284
44	26	180	360
44	27	77	153
44	28	112	224
44	29	43	86
44	30	67	134
44	31	72	143
44	32	77	153
44	33	35	70
44	34	56	112
44	35	67	133
44	36	26	52
44	37	35	70
44	38	18	36
44	39	169	339
44	40	18	36
44	41	0	0
44	42	3	7
44	43	18	35
44	44	0	0
44	45	105	210
44	46	136	272
44	47	134	269
44	48	124	249
44	49	147	294
44	50	136	272
44	51	81	162
45	0	133	266
45	1	111	223
45	2	65	131
45	3	129	257
45	4	55	110
45	5	111	223
45	6	125	249
45	7	157	315
45	8	227	453
45	9	125	249
45	10	272	545
45	11	260	521
45	12	272	545
45	13	161	322
45	14	187	374
45	15	229	458
45	16	147	293
45	17	161	322
45	18	190	379
45	19	195	390
45	20	190	379
45	21	53	107
45	22	31	61
45	23	66	132
45	24	53	107
45	25	140	280
45	26	284	568
45	27	147	295
45	28	165	330
45	29	125	251
45	30	145	290
45	31	155	309
45	32	147	295
45	33	107	215
45	34	127	254
45	35	135	270
45	36	85	171
45	37	107	215
45	38	121	241
45	39	274	549
45	40	121	241
45	41	105	210
45	42	102	204
45	43	100	201
45	44	105	210
45	45	0	0
45	46	96	193
45	47	72	144
45	48	25	49
45	49	98	197
45	50	96	193
45	51	171	343
46	0	153	307
46	1	207	414
46	2	161	322
46	3	208	417
46	4	151	301
46	5	207	414
46	6	62	124
46	7	97	195
46	8	151	302
46	9	62	124
46	10	263	525
46	11	248	497
46	12	263	525
46	13	182	364
46	14	202	404
46	15	233	468
46	16	172	344
46	17	182	364
46	18	247	493
46	19	252	503
46	20	247	493
46	21	149	297
46	22	126	251
46	23	46	92
46	24	149	297
46	25	230	461
46	26	300	600
46	27	122	243
46	28	115	230
46	29	123	247
46	30	128	255
46	31	138	275
46	32	122	243
46	33	111	223
46	34	113	227
46	35	114	228
46	36	110	220
46	37	111	223
46	38	141	282
46	39	281	563
46	40	141	282
46	41	136	272
46	42	133	266
46	43	120	240
46	44	136	272
46	45	96	193
46	46	0	0
46	47	30	60
46	48	84	168
46	49	13	26
46	50	0	0
46	51	157	314
47	0	156	312
47	1	183	367
47	2	137	275
47	3	193	387
47	4	125	250
47	5	183	367
47	6	85	170
47	7	122	243
47	8	180	360
47	9	85	170
47	10	277	553
47	11	263	526
47	12	277	553
47	13	186	371
47	14	208	416
47	15	243	488
47	16	174	348
47	17	186	371
47	18	241	481
47	19	246	491
47	20	241	481
47	21	125	251
47	22	103	205
47	23	44	89
47	24	125	251
47	25	211	422
47	26	307	615
47	27	137	274
47	28	137	275
47	29	131	263
47	30	141	282
47	31	151	302
47	32	137	274
47	33	116	233
47	34	125	249
47	35	127	255
47	36	109	217
47	37	116	233
47	38	143	287
47	39	291	583
47	40	143	287
47	41	134	269
47	42	131	263
47	43	121	242
47	44	134	269
47	45	72	144
47	46	30	60
47	47	0	0
47	48	56	112
47	49	27	54
47	50	30	60
47	51	171	341
48	0	151	303
48	1	130	260
48	2	85	171
48	3	153	306
48	4	70	140
48	5	130	260
48	6	123	247
48	7	159	318
48	8	225	450
48	9	123	247
48	10	288	576
48	11	275	551
48	12	288	576
48	13	180	361
48	14	205	412
48	15	247	493
48	16	166	333
48	17	180	361
48	18	214	428
48	19	219	438
48	20	214	428
48	21	74	148
48	22	53	106
48	23	65	131
48	24	74	148
48	25	162	325
48	26	304	608
48	27	157	314
48	28	169	339
48	29	139	278
48	30	156	313
48	31	166	333
48	32	157	314
48	33	121	243
48	34	138	277
48	35	145	290
48	36	102	204
48	37	121	243
48	38	139	277
48	39	292	586
48	40	139	277
48	41	124	249
48	42	121	243
48	43	117	234
48	44	124	249
48	45	25	49
48	46	84	168
48	47	56	112
48	48	0	0
48	49	83	166
48	50	84	168
48	51	184	369
49	0	165	330
49	1	209	420
49	2	163	328
49	3	215	431
49	4	152	303
49	5	209	420
49	6	74	149
49	7	109	219
49	8	160	320
49	9	74	149
49	10	276	551
49	11	261	523
49	12	276	551
49	13	194	388
49	14	214	429
49	15	246	493
49	16	184	367
49	17	194	388
49	18	256	513
49	19	261	523
49	20	256	513
49	21	151	303
49	22	128	257
49	23	55	111
49	24	151	303
49	25	235	471
49	26	313	625
49	27	135	269
49	28	127	255
49	29	136	272
49	30	141	281
49	31	151	301
49	32	135	269
49	33	123	247
49	34	126	252
49	35	127	254
49	36	121	242
49	37	123	247
49	38	153	306
49	39	294	588
49	40	153	306
49	41	147	294
49	42	144	287
49	43	131	263
49	44	147	294
49	45	98	197
49	46	13	26
49	47	27	54
49	48	83	166
49	49	0	0
49	50	13	26
49	51	170	340
50	0	153	307
50	1	207	414
50	2	161	322
50	3	208	417
50	4	151	301
50	5	207	414
50	6	62	124
50	7	97	195
50	8	151	302
50	9	62	124
50	10	263	525
50	11	248	497
50	12	263	525
50	13	182	364
50	14	202	404
50	15	233	468
50	16	172	344
50	17	182	364
50	18	247	493
50	19	252	503
50	20	247	493
50	21	149	297
50	22	126	251
50	23	46	92
50	24	149	297
50	25	230	461
50	26	300	600
50	27	122	243
50	28	115	230
50	29	123	247
50	30	128	255
50	31	138	275
50	32	122	243
50	33	111	223
50	34	113	227
50	35	114	228
50	36	110	220
50	37	111	223
50	38	141	282
50	39	281	563
50	40	141	282
50	41	136	272
50	42	133	266
50	43	120	240
50	44	136	272
50	45	96	193
50	46	0	0
50	47	30	60
50	48	84	168
50	49	13	26
50	50	0	0
50	51	157	314
51	0	60	119
51	1	231	463
51	2	198	397
51	3	177	353
51	4	207	414
51	5	231	463
51	6	101	203
51	7	84	168
51	8	131	262
51	9	101	203
51	10	106	212
51	11	93	186
51	12	106	212
51	13	62	123
51	14	62	125
51	15	79	158
51	16	66	133
51	17	62	123
51	18	154	308
51	19	157	314
51	20	154	308
51	21	190	379
51	22	178	355
51	23	128	257
51	24	190	379
51	25	220	439
51	26	148	295
51	27	36	73
51	28	65	130
51	29	46	92
51	30	30	60
51	31	20	39
51	32	36	73
51	33	64	128
51	34	47	94
51	35	44	87
51	36	89	177
51	37	64	128
51	38	64	128
51	39	126	251
51	40	64	128
51	41	81	162
51	42	82	164
51	43	75	150
51	44	81	162
51	45	171	343
51	46	157	314
51	47	171	341
51	48	184	369
51	49	170	340
51	50	157	314
51	51	0	0
</TRAVEL_COSTS_TIMES>
