<NB_CUSTOMERS>20</NB_CUSTOMERS>
<NB_LOCATIONS>63</NB_LOCATIONS>
<NB_VEHICLES>7</NB_VEHICLES>
<VEHICLE_CAPACITY>750</VEHICLE_CAPACITY>
<EXTERNAL_VEHICLE_COST>4600</EXTERNAL_VEHICLE_COST>
<DEPOT>	ID	DEMAND	NBLOC	LOCS
0	0	1		0
</DEPOT>
<CUSTOMERS>	ID	DEMAND	NBLOC	LOCS
1	56	1			1
2	35	6			2	3	4	5	6	7
3	61	6			8	9	10	11	12	13
4	70	4			14	15	16	17
5	55	1			18
6	54	6			19	20	21	22	23	24
7	55	1			25
8	58	3			26	27	28
9	31	4			29	30	31	32
10	69	3			33	34	35
11	33	3			36	37	38
12	69	4			39	40	41	42
13	68	1			43
14	42	3			44	45	46
15	63	4			47	48	49	50
16	22	3			51	52	53
17	58	3			54	55	56
18	65	4			57	58	59	60
19	58	1			61
20	47	1			62
</CUSTOMERS>
<LOCATIONS>	ID	x	y	TWE	TWL
0	0	0	0	720
1	-34.6658	80.7825	0	720
2	65.6204	-156.128	0	140
3	33.7139	-153.527	204	218
4	67.3267	-139.607	291	304
5	86.7573	-138.312	343	560
6	62.5391	-153.089	617	639
7	65.6204	-156.128	648	720
8	36.4587	-0.762527	0	17
9	56.9075	-55.2948	133	136
10	28.4404	17.2657	291	296
11	28.3034	19.3414	300	351
12	61.1984	-22.7577	458	564
13	36.4587	-0.762527	630	720
14	-25.9183	-104.145	0	28
15	-7.13497	-104.852	66	70
16	-26.8738	-158.06	184	334
17	-25.9183	-104.145	442	720
18	-84.9018	-23.5783	0	720
19	-45.3066	-87.5029	0	187
20	-45.926	-81.6866	199	210
21	-35.7231	-147.892	344	355
22	-67.96	-143.921	420	444
23	-46.133	-94.5296	552	559
24	-45.3066	-87.5029	573	720
25	117.988	66.41	0	720
26	132.639	17.5016	0	65
27	61.7378	-97.48	335	362
28	132.639	17.5016	632	720
29	-152.352	-3.94712	0	87
30	-146.076	5.41539	110	112
31	-40.9858	21.7192	325	343
32	-152.352	-3.94712	572	720
33	-11.3067	62.5008	0	31
34	-138.044	39.0508	289	351
35	-11.3067	62.5008	609	720
36	0.180529	0.11996	0	23
37	21.741	51.9451	135	256
38	0.180529	0.11996	368	720
39	-28.3575	-9.961	0	8
40	6.14464	49.7151	146	207
41	-51.5702	-28.747	402	419
42	-28.3575	-9.961	479	720
43	2.15829	-3.89697	0	720
44	-72.7327	-25.9683	0	120
45	-73.7195	-28.3695	125	162
46	-72.7327	-25.9683	167	720
47	-85.4016	-48.0992	0	48
48	32.0234	-41.4929	283	296
49	-82.5283	-107.325	560	573
50	-85.4016	-48.0992	692	720
51	43.9803	-14.3401	0	125
52	59.8952	49.1868	256	486
53	43.9803	-14.3401	617	720
54	-40.9629	18.7616	0	62
55	-34.2737	91.9663	209	459
56	-40.9629	18.7616	606	720
57	-14.6636	-96.7667	0	178
58	16.8145	-97.5987	241	248
59	-39.1906	-89.7723	361	449
60	-14.6636	-96.7667	500	720
61	-25.1428	-11.3794	0	720
62	104.859	45.7818	0	720
</LOCATIONS>
<TRAVEL_COSTS_TIMES>	IDFROM	IDTO	COST	TIME
0	0	0	0
0	1	88	176
0	2	169	339
0	3	157	314
0	4	155	310
0	5	163	327
0	6	165	331
0	7	169	339
0	8	36	73
0	9	79	159
0	10	33	66
0	11	34	68
0	12	65	130
0	13	36	73
0	14	107	215
0	15	105	210
0	16	160	321
0	17	107	215
0	18	88	176
0	19	99	197
0	20	94	187
0	21	152	304
0	22	159	318
0	23	105	210
0	24	99	197
0	25	135	270
0	26	134	267
0	27	115	231
0	28	134	267
0	29	152	305
0	30	146	292
0	31	46	93
0	32	152	305
0	33	63	127
0	34	143	287
0	35	63	127
0	36	0	0
0	37	56	112
0	38	0	0
0	39	30	60
0	40	50	100
0	41	59	118
0	42	30	60
0	43	4	9
0	44	77	154
0	45	79	158
0	46	77	154
0	47	98	196
0	48	52	105
0	49	135	271
0	50	98	196
0	51	46	92
0	52	77	155
0	53	46	92
0	54	45	90
0	55	98	196
0	56	45	90
0	57	98	196
0	58	99	198
0	59	98	196
0	60	98	196
0	61	28	55
0	62	114	228
1	0	88	176
1	1	0	0
1	2	257	515
1	3	244	488
1	4	243	486
1	5	250	501
1	6	253	507
1	7	257	515
1	8	108	216
1	9	164	328
1	10	90	179
1	11	88	176
1	12	141	282
1	13	108	216
1	14	185	370
1	15	188	375
1	16	239	478
1	17	185	370
1	18	116	232
1	19	168	337
1	20	163	326
1	21	229	457
1	22	227	454
1	23	175	351
1	24	168	337
1	25	153	307
1	26	179	358
1	27	202	405
1	28	179	358
1	29	145	290
1	30	135	269
1	31	59	119
1	32	145	290
1	33	30	59
1	34	111	223
1	35	30	59
1	36	88	176
1	37	63	127
1	38	88	176
1	39	91	182
1	40	51	102
1	41	111	222
1	42	91	182
1	43	92	185
1	44	113	227
1	45	116	232
1	46	113	227
1	47	139	277
1	48	139	279
1	49	194	388
1	50	139	277
1	51	123	247
1	52	100	199
1	53	123	247
1	54	62	125
1	55	11	22
1	56	62	125
1	57	179	357
1	58	186	371
1	59	171	341
1	60	179	357
1	61	93	185
1	62	144	288
2	0	169	339
2	1	257	515
2	2	0	0
2	3	32	64
2	4	17	33
2	5	28	55
2	6	4	9
2	7	0	0
2	8	158	316
2	9	101	202
2	10	177	355
2	11	179	359
2	12	133	267
2	13	158	316
2	14	105	211
2	15	89	178
2	16	93	185
2	17	105	211
2	18	200	401
2	19	130	261
2	20	134	268
2	21	102	203
2	22	134	268
2	23	127	255
2	24	130	261
2	25	229	457
2	26	186	372
2	27	59	118
2	28	186	372
2	29	265	531
2	30	266	533
2	31	207	415
2	32	265	531
2	33	232	464
2	34	282	564
2	35	232	464
2	36	169	339
2	37	212	425
2	38	169	339
2	39	174	348
2	40	214	429
2	41	173	346
2	42	174	348
2	43	165	330
2	44	190	380
2	45	189	378
2	46	190	380
2	47	185	371
2	48	119	239
2	49	156	312
2	50	185	371
2	51	143	287
2	52	205	411
2	53	143	287
2	54	205	410
2	55	267	535
2	56	205	410
2	57	100	200
2	58	76	152
2	59	124	248
2	60	100	200
2	61	171	342
2	62	206	411
3	0	157	314
3	1	244	488
3	2	32	64
3	3	0	0
3	4	36	73
3	5	55	110
3	6	29	58
3	7	32	64
3	8	153	306
3	9	101	202
3	10	171	342
3	11	173	346
3	12	134	267
3	13	153	306
3	14	77	155
3	15	64	127
3	16	61	122
3	17	77	155
3	18	176	352
3	19	103	206
3	20	107	215
3	21	70	139
3	22	102	204
3	23	99	199
3	24	103	206
3	25	236	471
3	26	198	395
3	27	63	125
3	28	198	395
3	29	238	477
3	30	240	480
3	31	190	381
3	32	238	477
3	33	220	441
3	34	258	516
3	35	220	441
3	36	157	314
3	37	206	412
3	38	157	314
3	39	156	313
3	40	205	410
3	41	151	302
3	42	156	313
3	43	153	306
3	44	166	332
3	45	165	330
3	46	166	332
3	47	159	318
3	48	112	224
3	49	125	250
3	50	159	318
3	51	140	279
3	52	204	409
3	53	140	279
3	54	187	376
3	55	254	509
3	56	187	376
3	57	75	149
3	58	58	117
3	59	97	194
3	60	75	149
3	61	154	308
3	62	212	423
4	0	155	310
4	1	243	486
4	2	17	33
4	3	36	73
4	4	0	0
4	5	19	39
4	6	14	29
4	7	17	33
4	8	142	284
4	9	84	170
4	10	161	323
4	11	163	327
4	12	117	234
4	13	142	284
4	14	100	200
4	15	82	164
4	16	96	192
4	17	100	200
4	18	191	383
4	19	124	248
4	20	127	254
4	21	103	207
4	22	135	271
4	23	122	244
4	24	124	248
4	25	212	424
4	26	170	340
4	27	42	85
4	28	170	340
4	29	258	516
4	30	258	516
4	31	194	389
4	32	258	516
4	33	217	434
4	34	272	544
4	35	217	434
4	36	155	310
4	37	196	393
4	38	155	310
4	39	161	322
4	40	199	398
4	41	163	325
4	42	161	322
4	43	151	301
4	44	180	360
4	45	180	359
4	46	180	360
4	47	178	356
4	48	104	209
4	49	153	307
4	50	178	356
4	51	127	255
4	52	189	378
4	53	127	255
4	54	192	384
4	55	253	506
4	56	192	384
4	57	93	185
4	58	66	131
4	59	117	235
4	60	93	185
4	61	158	316
4	62	189	378
5	0	163	327
5	1	250	501
5	2	28	55
5	3	55	110
5	4	19	39
5	5	0	0
5	6	28	57
5	7	28	55
5	8	146	292
5	9	88	176
5	10	166	331
5	11	168	335
5	12	118	237
5	13	146	292
5	14	118	235
5	15	100	199
5	16	115	231
5	17	118	235
5	18	206	413
5	19	142	283
5	20	144	288
5	21	122	246
5	22	154	310
5	23	140	280
5	24	142	283
5	25	207	414
5	26	162	325
5	27	48	96
5	28	162	325
5	29	274	549
5	30	274	547
5	31	205	410
5	32	274	549
5	33	223	447
5	34	286	573
5	35	223	447
5	36	163	327
5	37	201	401
5	38	163	327
5	39	172	345
5	40	205	409
5	41	176	353
5	42	172	345
5	43	159	318
5	44	195	390
5	45	195	389
5	46	195	390
5	47	194	389
5	48	111	222
5	49	172	344
5	50	194	389
5	51	131	262
5	52	189	379
5	53	131	262
5	54	202	405
5	55	260	520
5	56	202	405
5	57	110	219
5	58	81	162
5	59	135	270
5	60	110	219
5	61	169	338
5	62	185	370
6	0	165	331
6	1	253	507
6	2	4	9
6	3	29	58
6	4	14	29
6	5	28	57
6	6	0	0
6	7	4	9
6	8	155	309
6	9	98	196
6	10	174	347
6	11	176	351
6	12	130	260
6	13	155	309
6	14	101	202
6	15	85	169
6	16	90	179
6	17	101	202
6	18	196	392
6	19	126	252
6	20	130	259
6	21	98	197
6	22	130	262
6	23	123	247
6	24	126	252
6	25	226	453
6	26	184	369
6	27	56	111
6	28	184	369
6	29	261	522
6	30	262	524
6	31	203	406
6	32	261	522
6	33	228	456
6	34	278	555
6	35	228	456
6	36	165	331
6	37	209	418
6	38	165	331
6	39	170	339
6	40	210	421
6	41	169	338
6	42	170	339
6	43	161	322
6	44	186	371
6	45	185	369
6	46	186	371
6	47	181	362
6	48	116	231
6	49	152	304
6	50	181	362
6	51	140	280
6	52	202	404
6	53	140	280
6	54	201	401
6	55	263	527
6	56	201	401
6	57	96	191
6	58	72	144
6	59	120	240
6	60	96	191
6	61	167	333
6	62	203	407
7	0	169	339
7	1	257	515
7	2	0	0
7	3	32	64
7	4	17	33
7	5	28	55
7	6	4	9
7	7	0	0
7	8	158	316
7	9	101	202
7	10	177	355
7	11	179	359
7	12	133	267
7	13	158	316
7	14	105	211
7	15	89	178
7	16	93	185
7	17	105	211
7	18	200	401
7	19	130	261
7	20	134	268
7	21	102	203
7	22	134	268
7	23	127	255
7	24	130	261
7	25	229	457
7	26	186	372
7	27	59	118
7	28	186	372
7	29	265	531
7	30	266	533
7	31	207	415
7	32	265	531
7	33	232	464
7	34	282	564
7	35	232	464
7	36	169	339
7	37	212	425
7	38	169	339
7	39	174	348
7	40	214	429
7	41	173	346
7	42	174	348
7	43	165	330
7	44	190	380
7	45	189	378
7	46	190	380
7	47	185	371
7	48	119	239
7	49	156	312
7	50	185	371
7	51	143	287
7	52	205	411
7	53	143	287
7	54	205	410
7	55	267	535
7	56	205	410
7	57	100	200
7	58	76	152
7	59	124	248
7	60	100	200
7	61	171	342
7	62	206	411
8	0	36	73
8	1	108	216
8	2	158	316
8	3	153	306
8	4	142	284
8	5	146	292
8	6	155	309
8	7	158	316
8	8	0	0
8	9	58	116
8	10	20	39
8	11	22	43
8	12	33	66
8	13	0	0
8	14	121	241
8	15	113	226
8	16	170	339
8	17	121	241
8	18	123	247
8	19	119	238
8	20	115	231
8	21	164	328
8	22	177	354
8	23	125	250
8	24	119	238
8	25	106	211
8	26	98	196
8	27	100	200
8	28	98	196
8	29	188	378
8	30	182	365
8	31	81	161
8	32	188	378
8	33	79	159
8	34	179	358
8	35	79	159
8	36	36	73
8	37	55	109
8	38	36	73
8	39	65	131
8	40	59	118
8	41	92	185
8	42	65	131
8	43	34	69
8	44	112	224
8	45	113	227
8	46	112	224
8	47	131	261
8	48	41	82
8	49	160	319
8	50	131	261
8	51	16	31
8	52	55	110
8	53	16	31
8	54	80	160
8	55	116	233
8	56	80	160
8	57	109	218
8	58	99	198
8	59	117	234
8	60	109	218
8	61	62	125
8	62	83	165
9	0	79	159
9	1	164	328
9	2	101	202
9	3	101	202
9	4	84	170
9	5	88	176
9	6	98	196
9	7	101	202
9	8	58	116
9	9	0	0
9	10	78	155
9	11	80	159
9	12	33	66
9	13	58	116
9	14	96	192
9	15	81	162
9	16	133	265
9	17	96	192
9	18	145	290
9	19	107	214
9	20	106	212
9	21	131	262
9	22	153	306
9	23	110	221
9	24	107	214
9	25	136	272
9	26	105	210
9	27	42	85
9	28	105	210
9	29	215	430
9	30	212	424
9	31	125	249
9	32	215	430
9	33	136	272
9	34	216	433
9	35	136	272
9	36	79	159
9	37	113	225
9	38	79	159
9	39	96	193
9	40	117	233
9	41	112	223
9	42	96	193
9	43	75	150
9	44	133	266
9	45	133	267
9	46	133	266
9	47	142	285
9	48	28	57
9	49	149	298
9	50	142	285
9	51	43	86
9	52	105	209
9	53	43	86
9	54	123	245
9	55	173	346
9	56	123	245
9	57	83	165
9	58	58	117
9	59	102	204
9	60	83	165
9	61	93	186
9	62	112	224
10	0	33	66
10	1	90	179
10	2	177	355
10	3	171	342
10	4	161	323
10	5	166	331
10	6	174	347
10	7	177	355
10	8	20	39
10	9	78	155
10	10	0	0
10	11	2	4
10	12	52	103
10	13	20	39
10	14	133	266
10	15	127	254
10	16	184	368
10	17	133	266
10	18	120	241
10	19	128	256
10	20	124	248
10	21	177	354
10	22	188	376
10	23	134	269
10	24	128	256
10	25	102	204
10	26	104	208
10	27	119	239
10	28	104	208
10	29	182	364
10	30	175	350
10	31	70	139
10	32	182	364
10	33	60	120
10	34	168	336
10	35	60	120
10	36	33	66
10	37	35	71
10	38	33	66
10	39	63	126
10	40	39	79
10	41	92	184
10	42	63	126
10	43	34	67
10	44	110	220
10	45	112	224
10	46	110	220
10	47	131	262
10	48	59	118
10	49	167	334
10	50	131	262
10	51	35	70
10	52	45	90
10	53	35	70
10	54	69	139
10	55	97	195
10	56	69	139
10	57	122	244
10	58	115	231
10	59	127	253
10	60	122	244
10	61	61	121
10	62	82	163
11	0	34	68
11	1	88	176
11	2	179	359
11	3	173	346
11	4	163	327
11	5	168	335
11	6	176	351
11	7	179	359
11	8	22	43
11	9	80	159
11	10	2	4
11	11	0	0
11	12	53	107
11	13	22	43
11	14	135	270
11	15	129	258
11	16	186	372
11	17	135	270
11	18	121	242
11	19	130	259
11	20	125	251
11	21	179	358
11	22	189	379
11	23	136	272
11	24	130	259
11	25	101	203
11	26	104	209
11	27	121	243
11	28	104	209
11	29	182	364
11	30	175	350
11	31	69	139
11	32	182	364
11	33	59	117
11	34	168	335
11	35	59	117
11	36	34	68
11	37	33	67
11	38	34	68
11	39	64	128
11	40	38	75
11	41	93	186
11	42	64	128
11	43	35	70
11	44	111	221
11	45	113	225
11	46	111	221
11	47	132	264
11	48	61	122
11	49	168	337
11	50	132	264
11	51	37	74
11	52	43	87
11	53	37	74
11	54	69	139
11	55	96	192
11	56	69	139
11	57	124	248
11	58	117	235
11	59	128	257
11	60	124	248
11	61	62	123
11	62	81	162
12	0	65	130
12	1	141	282
12	2	133	267
12	3	134	267
12	4	117	234
12	5	118	237
12	6	130	260
12	7	133	267
12	8	33	66
12	9	33	66
12	10	52	103
12	11	53	107
12	12	0	0
12	13	33	66
12	14	119	238
12	15	107	214
12	16	161	323
12	17	119	238
12	18	146	292
12	19	125	249
12	20	122	244
12	21	158	317
12	22	177	354
12	23	129	258
12	24	125	249
12	25	105	211
12	26	82	164
12	27	75	149
12	28	82	164
12	29	214	429
12	30	209	418
12	31	111	223
12	32	214	429
12	33	112	223
12	34	208	417
12	35	112	223
12	36	65	130
12	37	84	169
12	38	65	130
12	39	90	181
12	40	91	182
12	41	113	226
12	42	90	181
12	43	62	124
12	44	134	268
12	45	135	270
12	46	134	268
12	47	149	298
12	48	35	69
12	49	167	333
12	50	149	298
12	51	19	38
12	52	72	144
12	53	19	38
12	54	110	220
12	55	149	298
12	56	110	220
12	57	106	212
12	58	87	174
12	59	121	241
12	60	106	212
12	61	87	174
12	62	81	163
13	0	36	73
13	1	108	216
13	2	158	316
13	3	153	306
13	4	142	284
13	5	146	292
13	6	155	309
13	7	158	316
13	8	0	0
13	9	58	116
13	10	20	39
13	11	22	43
13	12	33	66
13	13	0	0
13	14	121	241
13	15	113	226
13	16	170	339
13	17	121	241
13	18	123	247
13	19	119	238
13	20	115	231
13	21	164	328
13	22	177	354
13	23	125	250
13	24	119	238
13	25	106	211
13	26	98	196
13	27	100	200
13	28	98	196
13	29	188	378
13	30	182	365
13	31	81	161
13	32	188	378
13	33	79	159
13	34	179	358
13	35	79	159
13	36	36	73
13	37	55	109
13	38	36	73
13	39	65	131
13	40	59	118
13	41	92	185
13	42	65	131
13	43	34	69
13	44	112	224
13	45	113	227
13	46	112	224
13	47	131	261
13	48	41	82
13	49	160	319
13	50	131	261
13	51	16	31
13	52	55	110
13	53	16	31
13	54	80	160
13	55	116	233
13	56	80	160
13	57	109	218
13	58	99	198
13	59	117	234
13	60	109	218
13	61	62	125
13	62	83	165
14	0	107	215
14	1	185	370
14	2	105	211
14	3	77	155
14	4	100	200
14	5	118	235
14	6	101	202
14	7	105	211
14	8	121	241
14	9	96	192
14	10	133	266
14	11	135	270
14	12	119	238
14	13	121	241
14	14	0	0
14	15	19	38
14	16	54	108
14	17	0	0
14	18	100	200
14	19	26	51
14	20	30	60
14	21	45	90
14	22	58	116
14	23	22	45
14	24	26	51
14	25	223	446
14	26	199	400
14	27	88	176
14	28	199	400
14	29	161	323
14	30	163	325
14	31	127	254
14	32	161	323
14	33	167	335
14	34	182	364
14	35	167	335
14	36	107	215
14	37	163	326
14	38	107	215
14	39	94	188
14	40	157	314
14	41	80	159
14	42	94	188
14	43	104	208
14	44	91	182
14	45	90	179
14	46	91	182
14	47	82	163
14	48	85	171
14	49	57	113
14	50	82	163
14	51	114	228
14	52	176	351
14	53	114	228
14	54	124	248
14	55	196	392
14	56	124	248
14	57	13	27
14	58	43	86
14	59	20	39
14	60	13	27
14	61	93	186
14	62	199	398
15	0	105	210
15	1	188	375
15	2	89	178
15	3	64	127
15	4	82	164
15	5	100	199
15	6	85	169
15	7	89	178
15	8	113	226
15	9	81	162
15	10	127	254
15	11	129	258
15	12	107	214
15	13	113	226
15	14	19	38
15	15	0	0
15	16	57	114
15	17	19	38
15	18	112	225
15	19	42	84
15	20	45	90
15	21	52	103
15	22	72	145
15	23	40	81
15	24	42	84
15	25	212	424
15	26	186	372
15	27	69	139
15	28	186	372
15	29	177	353
15	30	177	355
15	31	131	262
15	32	177	353
15	33	167	335
15	34	194	389
15	35	167	335
15	36	105	210
15	37	159	319
15	38	105	210
15	39	97	194
15	40	155	310
15	41	88	176
15	42	97	194
15	43	101	203
15	44	103	205
15	45	101	203
15	46	103	205
15	47	97	193
15	48	74	149
15	49	75	151
15	50	97	193
15	51	104	208
15	52	168	336
15	53	104	208
15	54	128	256
15	55	199	397
15	56	128	256
15	57	11	22
15	58	25	50
15	59	35	71
15	60	11	22
15	61	95	190
15	62	188	375
16	0	160	321
16	1	239	478
16	2	93	185
16	3	61	122
16	4	96	192
16	5	115	231
16	6	90	179
16	7	93	185
16	8	170	339
16	9	133	265
16	10	184	368
16	11	186	372
16	12	161	323
16	13	170	339
16	14	54	108
16	15	57	114
16	16	0	0
16	17	54	108
16	18	146	293
16	19	73	146
16	20	79	157
16	21	13	27
16	22	43	87
16	23	66	133
16	24	73	146
16	25	266	534
16	26	237	474
16	27	107	215
16	28	237	474
16	29	198	397
16	30	202	405
16	31	180	361
16	32	198	397
16	33	221	442
16	34	226	453
16	35	221	442
16	36	160	321
16	37	215	431
16	38	160	321
16	39	148	296
16	40	210	421
16	41	131	263
16	42	148	296
16	43	156	314
16	44	140	280
16	45	138	276
16	46	140	280
16	47	124	249
16	48	131	261
16	49	75	151
16	50	124	249
16	51	160	320
16	52	225	449
16	53	160	320
16	54	177	355
16	55	250	500
16	56	177	355
16	57	62	125
16	58	75	149
16	59	69	139
16	60	62	125
16	61	147	293
16	62	242	485
17	0	107	215
17	1	185	370
17	2	105	211
17	3	77	155
17	4	100	200
17	5	118	235
17	6	101	202
17	7	105	211
17	8	121	241
17	9	96	192
17	10	133	266
17	11	135	270
17	12	119	238
17	13	121	241
17	14	0	0
17	15	19	38
17	16	54	108
17	17	0	0
17	18	100	200
17	19	26	51
17	20	30	60
17	21	45	90
17	22	58	116
17	23	22	45
17	24	26	51
17	25	223	446
17	26	199	400
17	27	88	176
17	28	199	400
17	29	161	323
17	30	163	325
17	31	127	254
17	32	161	323
17	33	167	335
17	34	182	364
17	35	167	335
17	36	107	215
17	37	163	326
17	38	107	215
17	39	94	188
17	40	157	314
17	41	80	159
17	42	94	188
17	43	104	208
17	44	91	182
17	45	90	179
17	46	91	182
17	47	82	163
17	48	85	171
17	49	57	113
17	50	82	163
17	51	114	228
17	52	176	351
17	53	114	228
17	54	124	248
17	55	196	392
17	56	124	248
17	57	13	27
17	58	43	86
17	59	20	39
17	60	13	27
17	61	93	186
17	62	199	398
18	0	88	176
18	1	116	232
18	2	200	401
18	3	176	352
18	4	191	383
18	5	206	413
18	6	196	392
18	7	200	401
18	8	123	247
18	9	145	290
18	10	120	241
18	11	121	242
18	12	146	292
18	13	123	247
18	14	100	200
18	15	112	225
18	16	146	293
18	17	100	200
18	18	0	0
18	19	75	150
18	20	70	140
18	21	134	267
18	22	122	243
18	23	81	162
18	24	75	150
18	25	222	444
18	26	221	442
18	27	164	328
18	28	221	442
18	29	70	140
18	30	68	135
18	31	63	126
18	32	70	140
18	33	113	227
18	34	82	164
18	35	113	227
18	36	88	176
18	37	131	261
18	38	88	176
18	39	58	116
18	40	117	234
18	41	33	67
18	42	58	116
18	43	89	178
18	44	12	25
18	45	12	24
18	46	12	25
18	47	25	49
18	48	118	236
18	49	84	168
18	50	25	49
18	51	129	258
18	52	162	324
18	53	129	258
18	54	61	122
18	55	126	252
18	56	61	122
18	57	101	203
18	58	126	252
18	59	80	161
18	60	101	203
18	61	61	122
18	62	202	404
19	0	99	197
19	1	168	337
19	2	130	261
19	3	103	206
19	4	124	248
19	5	142	283
19	6	126	252
19	7	130	261
19	8	119	238
19	9	107	214
19	10	128	256
19	11	130	259
19	12	125	249
19	13	119	238
19	14	26	51
19	15	42	84
19	16	73	146
19	17	26	51
19	18	75	150
19	19	0	0
19	20	6	12
19	21	61	122
19	22	61	122
19	23	7	14
19	24	0	0
19	25	224	449
19	26	207	413
19	27	108	215
19	28	207	413
19	29	136	272
19	30	137	274
19	31	109	219
19	32	136	272
19	33	153	307
19	34	157	314
19	35	153	307
19	36	99	197
19	37	155	309
19	38	99	197
19	39	79	159
19	40	147	293
19	41	59	118
19	42	79	159
19	43	96	192
19	44	67	135
19	45	66	131
19	46	67	135
19	47	56	112
19	48	90	180
19	49	42	84
19	50	56	112
19	51	115	231
19	52	172	345
19	53	115	231
19	54	106	213
19	55	179	359
19	56	106	213
19	57	32	64
19	58	63	126
19	59	7	13
19	60	32	64
19	61	79	157
19	62	201	402
20	0	94	187
20	1	163	326
20	2	134	268
20	3	107	215
20	4	127	254
20	5	144	288
20	6	130	259
20	7	134	268
20	8	115	231
20	9	106	212
20	10	124	248
20	11	125	251
20	12	122	244
20	13	115	231
20	14	30	60
20	15	45	90
20	16	79	157
20	17	30	60
20	18	70	140
20	19	6	12
20	20	0	0
20	21	67	134
20	22	66	132
20	23	13	26
20	24	6	12
20	25	221	442
20	26	204	408
20	27	109	218
20	28	204	408
20	29	132	264
20	30	133	265
20	31	104	207
20	32	132	264
20	33	148	297
20	34	152	304
20	35	148	297
20	36	94	187
20	37	150	299
20	38	94	187
20	39	74	148
20	40	141	283
20	41	53	106
20	42	74	148
20	43	91	183
20	44	62	124
20	45	60	120
20	46	62	124
20	47	52	104
20	48	88	175
20	49	45	89
20	50	52	104
20	51	112	225
20	52	168	337
20	53	112	225
20	54	101	201
20	55	174	348
20	56	101	201
20	57	35	69
20	58	65	129
20	59	11	21
20	60	35	69
20	61	73	147
20	62	197	395
21	0	152	304
21	1	229	457
21	2	102	203
21	3	70	139
21	4	103	207
21	5	122	246
21	6	98	197
21	7	102	203
21	8	164	328
21	9	131	262
21	10	177	354
21	11	179	358
21	12	158	317
21	13	164	328
21	14	45	90
21	15	52	103
21	16	13	27
21	17	45	90
21	18	134	267
21	19	61	122
21	20	67	134
21	21	0	0
21	22	32	65
21	23	54	109
21	24	61	122
21	25	263	527
21	26	236	472
21	27	110	219
21	28	236	472
21	29	185	371
21	30	189	378
21	31	170	339
21	32	185	371
21	33	212	424
21	34	213	426
21	35	212	424
21	36	152	304
21	37	208	416
21	38	152	304
21	39	138	276
21	40	202	404
21	41	120	240
21	42	138	276
21	43	149	298
21	44	127	255
21	45	125	251
21	46	127	255
21	47	111	223
21	48	126	252
21	49	62	124
21	50	111	223
21	51	156	311
21	52	219	438
21	53	156	311
21	54	167	333
21	55	240	479
21	56	167	333
21	57	55	111
21	58	73	145
21	59	58	116
21	60	55	111
21	61	137	274
21	62	239	478
22	0	159	318
22	1	227	454
22	2	134	268
22	3	102	204
22	4	135	271
22	5	154	310
22	6	130	262
22	7	134	268
22	8	177	354
22	9	153	306
22	10	188	376
22	11	189	379
22	12	177	354
22	13	177	354
22	14	58	116
22	15	72	145
22	16	43	87
22	17	58	116
22	18	122	243
22	19	61	122
22	20	66	132
22	21	32	65
22	22	0	0
22	23	54	108
22	24	61	122
22	25	281	561
22	26	257	515
22	27	138	276
22	28	257	515
22	29	163	327
22	30	168	337
22	31	168	336
22	32	163	327
22	33	214	428
22	34	196	392
22	35	214	428
22	36	159	318
22	37	215	430
22	38	159	318
22	39	140	279
22	40	207	415
22	41	116	233
22	42	140	279
22	43	156	313
22	44	118	236
22	45	116	231
22	46	118	236
22	47	97	195
22	48	143	286
22	49	39	79
22	50	97	195
22	51	171	342
22	52	232	463
22	53	171	342
22	54	165	330
22	55	238	476
22	56	165	330
22	57	71	142
22	58	97	193
22	59	61	123
22	60	71	142
22	61	139	279
22	62	257	513
23	0	105	210
23	1	175	351
23	2	127	255
23	3	99	199
23	4	122	244
23	5	140	280
23	6	123	247
23	7	127	255
23	8	125	250
23	9	110	221
23	10	134	269
23	11	136	272
23	12	129	258
23	13	125	250
23	14	22	45
23	15	40	81
23	16	66	133
23	17	22	45
23	18	81	162
23	19	7	14
23	20	13	26
23	21	54	109
23	22	54	108
23	23	0	0
23	24	7	14
23	25	230	460
23	26	211	422
23	27	108	216
23	28	211	422
23	29	140	279
23	30	141	283
23	31	116	233
23	32	140	279
23	33	160	321
23	34	162	324
23	35	160	321
23	36	105	210
23	37	161	322
23	38	105	210
23	39	86	173
23	40	153	307
23	41	66	132
23	42	86	173
23	43	103	205
23	44	74	147
23	45	72	143
23	46	74	147
23	47	61	122
23	48	94	189
23	49	39	77
23	50	61	122
23	51	120	241
23	52	179	357
23	53	120	241
23	54	113	227
23	55	186	373
23	56	113	227
23	57	32	63
23	58	63	126
23	59	8	17
23	60	32	63
23	61	86	171
23	62	206	412
24	0	99	197
24	1	168	337
24	2	130	261
24	3	103	206
24	4	124	248
24	5	142	283
24	6	126	252
24	7	130	261
24	8	119	238
24	9	107	214
24	10	128	256
24	11	130	259
24	12	125	249
24	13	119	238
24	14	26	51
24	15	42	84
24	16	73	146
24	17	26	51
24	18	75	150
24	19	0	0
24	20	6	12
24	21	61	122
24	22	61	122
24	23	7	14
24	24	0	0
24	25	224	449
24	26	207	413
24	27	108	215
24	28	207	413
24	29	136	272
24	30	137	274
24	31	109	219
24	32	136	272
24	33	153	307
24	34	157	314
24	35	153	307
24	36	99	197
24	37	155	309
24	38	99	197
24	39	79	159
24	40	147	293
24	41	59	118
24	42	79	159
24	43	96	192
24	44	67	135
24	45	66	131
24	46	67	135
24	47	56	112
24	48	90	180
24	49	42	84
24	50	56	112
24	51	115	231
24	52	172	345
24	53	115	231
24	54	106	213
24	55	179	359
24	56	106	213
24	57	32	64
24	58	63	126
24	59	7	13
24	60	32	64
24	61	79	157
24	62	201	402
25	0	135	270
25	1	153	307
25	2	229	457
25	3	236	471
25	4	212	424
25	5	207	414
25	6	226	453
25	7	229	457
25	8	106	211
25	9	136	272
25	10	102	204
25	11	101	203
25	12	105	211
25	13	106	211
25	14	223	446
25	15	212	424
25	16	266	534
25	17	223	446
25	18	222	444
25	19	224	449
25	20	221	442
25	21	263	527
25	22	281	561
25	23	230	460
25	24	224	449
25	25	0	0
25	26	51	102
25	27	173	347
25	28	51	102
25	29	279	559
25	30	271	542
25	31	165	330
25	32	279	559
25	33	129	259
25	34	257	515
25	35	129	259
25	36	135	270
25	37	97	195
25	38	135	270
25	39	165	330
25	40	113	226
25	41	194	388
25	42	165	330
25	43	135	271
25	44	212	424
25	45	214	428
25	46	212	424
25	47	233	466
25	48	138	276
25	49	265	530
25	50	233	466
25	51	110	219
25	52	61	121
25	53	110	219
25	54	166	332
25	55	154	309
25	56	166	332
25	57	210	421
25	58	192	385
25	59	222	443
25	60	210	421
25	61	163	325
25	62	24	49
26	0	134	267
26	1	179	358
26	2	186	372
26	3	198	395
26	4	170	340
26	5	162	325
26	6	184	369
26	7	186	372
26	8	98	196
26	9	105	210
26	10	104	208
26	11	104	209
26	12	82	164
26	13	98	196
26	14	199	400
26	15	186	372
26	16	237	474
26	17	199	400
26	18	221	442
26	19	207	413
26	20	204	408
26	21	236	472
26	22	257	515
26	23	211	422
26	24	207	413
26	25	51	102
26	26	0	0
26	27	135	270
26	28	0	0
26	29	286	572
26	30	279	558
26	31	173	347
26	32	286	572
26	33	151	301
26	34	272	543
26	35	151	301
26	36	134	267
26	37	116	232
26	38	134	267
26	39	163	326
26	40	131	261
26	41	190	380
26	42	163	326
26	43	132	264
26	44	210	420
26	45	211	423
26	46	210	420
26	47	228	455
26	48	117	233
26	49	249	497
26	50	228	455
26	51	94	188
26	52	79	159
26	53	94	188
26	54	173	347
26	55	182	366
26	56	173	347
26	57	186	373
26	58	163	327
26	59	203	405
26	60	186	373
26	61	160	321
26	62	40	79
27	0	115	231
27	1	202	405
27	2	59	118
27	3	63	125
27	4	42	85
27	5	48	96
27	6	56	111
27	7	59	118
27	8	100	200
27	9	42	85
27	10	119	239
27	11	121	243
27	12	75	149
27	13	100	200
27	14	88	176
27	15	69	139
27	16	107	215
27	17	88	176
27	18	164	328
27	19	108	215
27	20	109	218
27	21	110	219
27	22	138	276
27	23	108	216
27	24	108	215
27	25	173	347
27	26	135	270
27	27	0	0
27	28	135	270
27	29	234	467
27	30	232	463
27	31	157	315
27	32	234	467
27	33	176	352
27	34	242	484
27	35	176	352
27	36	115	231
27	37	154	309
27	38	115	231
27	39	126	251
27	40	157	315
27	41	133	265
27	42	126	251
27	43	111	222
27	44	152	305
27	45	152	304
27	46	152	305
27	47	155	310
27	48	63	127
27	49	144	289
27	50	155	310
27	51	85	170
27	52	147	293
27	53	85	170
27	54	155	310
27	55	212	425
27	56	155	310
27	57	76	153
27	58	45	90
27	59	101	202
27	60	76	153
27	61	122	245
27	62	150	299
28	0	134	267
28	1	179	358
28	2	186	372
28	3	198	395
28	4	170	340
28	5	162	325
28	6	184	369
28	7	186	372
28	8	98	196
28	9	105	210
28	10	104	208
28	11	104	209
28	12	82	164
28	13	98	196
28	14	199	400
28	15	186	372
28	16	237	474
28	17	199	400
28	18	221	442
28	19	207	413
28	20	204	408
28	21	236	472
28	22	257	515
28	23	211	422
28	24	207	413
28	25	51	102
28	26	0	0
28	27	135	270
28	28	0	0
28	29	286	572
28	30	279	558
28	31	173	347
28	32	286	572
28	33	151	301
28	34	272	543
28	35	151	301
28	36	134	267
28	37	116	232
28	38	134	267
28	39	163	326
28	40	131	261
28	41	190	380
28	42	163	326
28	43	132	264
28	44	210	420
28	45	211	423
28	46	210	420
28	47	228	455
28	48	117	233
28	49	249	497
28	50	228	455
28	51	94	188
28	52	79	159
28	53	94	188
28	54	173	347
28	55	182	366
28	56	173	347
28	57	186	373
28	58	163	327
28	59	203	405
28	60	186	373
28	61	160	321
28	62	40	79
29	0	152	305
29	1	145	290
29	2	265	531
29	3	238	477
29	4	258	516
29	5	274	549
29	6	261	522
29	7	265	531
29	8	188	378
29	9	215	430
29	10	182	364
29	11	182	364
29	12	214	429
29	13	188	378
29	14	161	323
29	15	177	353
29	16	198	397
29	17	161	323
29	18	70	140
29	19	136	272
29	20	132	264
29	21	185	371
29	22	163	327
29	23	140	279
29	24	136	272
29	25	279	559
29	26	286	572
29	27	234	467
29	28	286	572
29	29	0	0
29	30	11	23
29	31	114	229
29	32	0	0
29	33	156	312
29	34	45	91
29	35	156	312
29	36	152	305
29	37	183	366
29	38	152	305
29	39	124	248
29	40	167	335
29	41	103	207
29	42	124	248
29	43	155	309
29	44	82	165
29	45	82	164
29	46	82	165
29	47	80	160
29	48	188	376
29	49	125	249
29	50	80	160
29	51	196	393
29	52	219	438
29	53	196	393
29	54	114	227
29	55	152	304
29	56	114	227
29	57	166	332
29	58	193	387
29	59	142	284
29	60	166	332
29	61	127	255
29	62	262	524
30	0	146	292
30	1	135	269
30	2	266	533
30	3	240	480
30	4	258	516
30	5	274	547
30	6	262	524
30	7	266	533
30	8	182	365
30	9	212	424
30	10	175	350
30	11	175	350
30	12	209	418
30	13	182	365
30	14	163	325
30	15	177	355
30	16	202	405
30	17	163	325
30	18	68	135
30	19	137	274
30	20	133	265
30	21	189	378
30	22	168	337
30	23	141	283
30	24	137	274
30	25	271	542
30	26	279	558
30	27	232	463
30	28	279	558
30	29	11	23
30	30	0	0
30	31	106	213
30	32	11	23
30	33	146	293
30	34	35	69
30	35	146	293
30	36	146	292
30	37	174	348
30	38	146	292
30	39	119	237
30	40	159	317
30	41	100	201
30	42	119	237
30	43	149	297
30	44	80	160
30	45	80	159
30	46	80	160
30	47	81	162
30	48	184	368
30	49	129	259
30	50	81	162
30	51	191	382
30	52	211	421
30	53	191	382
30	54	106	212
30	55	141	283
30	56	106	212
30	57	166	333
30	58	193	385
30	59	143	286
30	60	166	333
30	61	122	244
30	62	254	508
31	0	46	93
31	1	59	119
31	2	207	415
31	3	190	381
31	4	194	389
31	5	205	410
31	6	203	406
31	7	207	415
31	8	81	161
31	9	125	249
31	10	70	139
31	11	69	139
31	12	111	223
31	13	81	161
31	14	127	254
31	15	131	262
31	16	180	361
31	17	127	254
31	18	63	126
31	19	109	219
31	20	104	207
31	21	170	339
31	22	168	336
31	23	116	233
31	24	109	219
31	25	165	330
31	26	173	347
31	27	157	315
31	28	173	347
31	29	114	229
31	30	106	213
31	31	0	0
31	32	114	229
31	33	50	101
31	34	99	197
31	35	50	101
31	36	46	93
31	37	70	139
31	38	46	93
31	39	34	68
31	40	55	110
31	41	52	103
31	42	34	68
31	43	50	100
31	44	57	115
31	45	60	120
31	46	57	115
31	47	83	165
31	48	97	193
31	49	136	271
31	50	83	165
31	51	92	185
31	52	105	209
31	53	92	185
31	54	3	6
31	55	70	141
31	56	3	6
31	57	121	243
31	58	133	265
31	59	112	223
31	60	121	243
31	61	37	73
31	62	148	296
32	0	152	305
32	1	145	290
32	2	265	531
32	3	238	477
32	4	258	516
32	5	274	549
32	6	261	522
32	7	265	531
32	8	188	378
32	9	215	430
32	10	182	364
32	11	182	364
32	12	214	429
32	13	188	378
32	14	161	323
32	15	177	353
32	16	198	397
32	17	161	323
32	18	70	140
32	19	136	272
32	20	132	264
32	21	185	371
32	22	163	327
32	23	140	279
32	24	136	272
32	25	279	559
32	26	286	572
32	27	234	467
32	28	286	572
32	29	0	0
32	30	11	23
32	31	114	229
32	32	0	0
32	33	156	312
32	34	45	91
32	35	156	312
32	36	152	305
32	37	183	366
32	38	152	305
32	39	124	248
32	40	167	335
32	41	103	207
32	42	124	248
32	43	155	309
32	44	82	165
32	45	82	164
32	46	82	165
32	47	80	160
32	48	188	376
32	49	125	249
32	50	80	160
32	51	196	393
32	52	219	438
32	53	196	393
32	54	114	227
32	55	152	304
32	56	114	227
32	57	166	332
32	58	193	387
32	59	142	284
32	60	166	332
32	61	127	255
32	62	262	524
33	0	63	127
33	1	30	59
33	2	232	464
33	3	220	441
33	4	217	434
33	5	223	447
33	6	228	456
33	7	232	464
33	8	79	159
33	9	136	272
33	10	60	120
33	11	59	117
33	12	112	223
33	13	79	159
33	14	167	335
33	15	167	335
33	16	221	442
33	17	167	335
33	18	113	227
33	19	153	307
33	20	148	297
33	21	212	424
33	22	214	428
33	23	160	321
33	24	153	307
33	25	129	259
33	26	151	301
33	27	176	352
33	28	151	301
33	29	156	312
33	30	146	293
33	31	50	101
33	32	156	312
33	33	0	0
33	34	129	258
33	35	0	0
33	36	63	127
33	37	35	69
33	38	63	127
33	39	74	149
33	40	22	43
33	41	100	199
33	42	74	149
33	43	67	135
33	44	107	215
33	45	110	220
33	46	107	215
33	47	133	266
33	48	113	225
33	49	184	368
33	50	133	266
33	51	95	189
33	52	72	145
33	53	95	189
33	54	53	106
33	55	37	75
33	56	53	106
33	57	159	319
33	58	162	325
33	59	155	309
33	60	159	319
33	61	75	150
33	62	117	235
34	0	143	287
34	1	111	223
34	2	282	564
34	3	258	516
34	4	272	544
34	5	286	573
34	6	278	555
34	7	282	564
34	8	179	358
34	9	216	433
34	10	168	336
34	11	168	335
34	12	208	417
34	13	179	358
34	14	182	364
34	15	194	389
34	16	226	453
34	17	182	364
34	18	82	164
34	19	157	314
34	20	152	304
34	21	213	426
34	22	196	392
34	23	162	324
34	24	157	314
34	25	257	515
34	26	272	543
34	27	242	484
34	28	272	543
34	29	45	91
34	30	35	69
34	31	99	197
34	32	45	91
34	33	129	258
34	34	0	0
34	35	129	258
34	36	143	287
34	37	160	321
34	38	143	287
34	39	120	240
34	40	145	289
34	41	110	220
34	42	120	240
34	43	147	293
34	44	92	184
34	45	93	186
34	46	92	184
34	47	102	204
34	48	188	376
34	49	157	313
34	50	102	204
34	51	189	379
34	52	198	396
34	53	189	379
34	54	99	198
34	55	116	233
34	56	99	198
34	57	183	367
34	58	207	413
34	59	162	325
34	60	183	367
34	61	124	247
34	62	243	486
35	0	63	127
35	1	30	59
35	2	232	464
35	3	220	441
35	4	217	434
35	5	223	447
35	6	228	456
35	7	232	464
35	8	79	159
35	9	136	272
35	10	60	120
35	11	59	117
35	12	112	223
35	13	79	159
35	14	167	335
35	15	167	335
35	16	221	442
35	17	167	335
35	18	113	227
35	19	153	307
35	20	148	297
35	21	212	424
35	22	214	428
35	23	160	321
35	24	153	307
35	25	129	259
35	26	151	301
35	27	176	352
35	28	151	301
35	29	156	312
35	30	146	293
35	31	50	101
35	32	156	312
35	33	0	0
35	34	129	258
35	35	0	0
35	36	63	127
35	37	35	69
35	38	63	127
35	39	74	149
35	40	22	43
35	41	100	199
35	42	74	149
35	43	67	135
35	44	107	215
35	45	110	220
35	46	107	215
35	47	133	266
35	48	113	225
35	49	184	368
35	50	133	266
35	51	95	189
35	52	72	145
35	53	95	189
35	54	53	106
35	55	37	75
35	56	53	106
35	57	159	319
35	58	162	325
35	59	155	309
35	60	159	319
35	61	75	150
35	62	117	235
36	0	0	0
36	1	88	176
36	2	169	339
36	3	157	314
36	4	155	310
36	5	163	327
36	6	165	331
36	7	169	339
36	8	36	73
36	9	79	159
36	10	33	66
36	11	34	68
36	12	65	130
36	13	36	73
36	14	107	215
36	15	105	210
36	16	160	321
36	17	107	215
36	18	88	176
36	19	99	197
36	20	94	187
36	21	152	304
36	22	159	318
36	23	105	210
36	24	99	197
36	25	135	270
36	26	134	267
36	27	115	231
36	28	134	267
36	29	152	305
36	30	146	292
36	31	46	93
36	32	152	305
36	33	63	127
36	34	143	287
36	35	63	127
36	36	0	0
36	37	56	112
36	38	0	0
36	39	30	60
36	40	50	100
36	41	59	118
36	42	30	60
36	43	4	9
36	44	77	154
36	45	79	158
36	46	77	154
36	47	98	196
36	48	52	105
36	49	135	271
36	50	98	196
36	51	46	92
36	52	77	155
36	53	46	92
36	54	45	90
36	55	98	196
36	56	45	90
36	57	98	196
36	58	99	198
36	59	98	196
36	60	98	196
36	61	28	55
36	62	114	228
37	0	56	112
37	1	63	127
37	2	212	425
37	3	206	412
37	4	196	393
37	5	201	401
37	6	209	418
37	7	212	425
37	8	55	109
37	9	113	225
37	10	35	71
37	11	33	67
37	12	84	169
37	13	55	109
37	14	163	326
37	15	159	319
37	16	215	431
37	17	163	326
37	18	131	261
37	19	155	309
37	20	150	299
37	21	208	416
37	22	215	430
37	23	161	322
37	24	155	309
37	25	97	195
37	26	116	232
37	27	154	309
37	28	116	232
37	29	183	366
37	30	174	348
37	31	70	139
37	32	183	366
37	33	35	69
37	34	160	321
37	35	35	69
37	36	56	112
37	37	0	0
37	38	56	112
37	39	80	159
37	40	16	32
37	41	109	218
37	42	80	159
37	43	59	118
37	44	122	245
37	45	125	250
37	46	122	245
37	47	147	293
37	48	94	188
37	49	190	381
37	50	147	293
37	51	70	140
37	52	38	77
37	53	70	140
37	54	71	142
37	55	69	138
37	56	71	142
37	57	153	306
37	58	150	299
37	59	154	308
37	60	153	306
37	61	79	158
37	62	83	167
38	0	0	0
38	1	88	176
38	2	169	339
38	3	157	314
38	4	155	310
38	5	163	327
38	6	165	331
38	7	169	339
38	8	36	73
38	9	79	159
38	10	33	66
38	11	34	68
38	12	65	130
38	13	36	73
38	14	107	215
38	15	105	210
38	16	160	321
38	17	107	215
38	18	88	176
38	19	99	197
38	20	94	187
38	21	152	304
38	22	159	318
38	23	105	210
38	24	99	197
38	25	135	270
38	26	134	267
38	27	115	231
38	28	134	267
38	29	152	305
38	30	146	292
38	31	46	93
38	32	152	305
38	33	63	127
38	34	143	287
38	35	63	127
38	36	0	0
38	37	56	112
38	38	0	0
38	39	30	60
38	40	50	100
38	41	59	118
38	42	30	60
38	43	4	9
38	44	77	154
38	45	79	158
38	46	77	154
38	47	98	196
38	48	52	105
38	49	135	271
38	50	98	196
38	51	46	92
38	52	77	155
38	53	46	92
38	54	45	90
38	55	98	196
38	56	45	90
38	57	98	196
38	58	99	198
38	59	98	196
38	60	98	196
38	61	28	55
38	62	114	228
39	0	30	60
39	1	91	182
39	2	174	348
39	3	156	313
39	4	161	322
39	5	172	345
39	6	170	339
39	7	174	348
39	8	65	131
39	9	96	193
39	10	63	126
39	11	64	128
39	12	90	181
39	13	65	131
39	14	94	188
39	15	97	194
39	16	148	296
39	17	94	188
39	18	58	116
39	19	79	159
39	20	74	148
39	21	138	276
39	22	140	279
39	23	86	173
39	24	79	159
39	25	165	330
39	26	163	326
39	27	126	251
39	28	163	326
39	29	124	248
39	30	119	237
39	31	34	68
39	32	124	248
39	33	74	149
39	34	120	240
39	35	74	149
39	36	30	60
39	37	80	159
39	38	30	60
39	39	0	0
39	40	69	138
39	41	30	60
39	42	0	0
39	43	31	62
39	44	47	94
39	45	49	98
39	46	47	94
39	47	69	137
39	48	68	136
39	49	111	223
39	50	69	137
39	51	72	145
39	52	106	212
39	53	72	145
39	54	31	63
39	55	102	204
39	56	31	63
39	57	88	176
39	58	99	197
39	59	81	161
39	60	88	176
39	61	4	7
39	62	144	288
40	0	50	100
40	1	51	102
40	2	214	429
40	3	205	410
40	4	199	398
40	5	205	409
40	6	210	421
40	7	214	429
40	8	59	118
40	9	117	233
40	10	39	79
40	11	38	75
40	12	91	182
40	13	59	118
40	14	157	314
40	15	155	310
40	16	210	421
40	17	157	314
40	18	117	234
40	19	147	293
40	20	141	283
40	21	202	404
40	22	207	415
40	23	153	307
40	24	147	293
40	25	113	226
40	26	131	261
40	27	157	315
40	28	131	261
40	29	167	335
40	30	159	317
40	31	55	110
40	32	167	335
40	33	22	43
40	34	145	289
40	35	22	43
40	36	50	100
40	37	16	32
40	38	50	100
40	39	69	138
40	40	0	0
40	41	97	195
40	42	69	138
40	43	54	108
40	44	109	219
40	45	112	223
40	46	109	219
40	47	134	268
40	48	95	190
40	49	180	361
40	50	134	268
40	51	74	149
40	52	54	108
40	53	74	149
40	54	56	113
40	55	58	117
40	56	56	113
40	57	148	296
40	58	148	295
40	59	147	293
40	60	148	296
40	61	69	137
40	62	99	198
41	0	59	118
41	1	111	222
41	2	173	346
41	3	151	302
41	4	163	325
41	5	176	353
41	6	169	338
41	7	173	346
41	8	92	185
41	9	112	223
41	10	92	184
41	11	93	186
41	12	113	226
41	13	92	185
41	14	80	159
41	15	88	176
41	16	131	263
41	17	80	159
41	18	33	67
41	19	59	118
41	20	53	106
41	21	120	240
41	22	116	233
41	23	66	132
41	24	59	118
41	25	194	388
41	26	190	380
41	27	133	265
41	28	190	380
41	29	103	207
41	30	100	201
41	31	52	103
41	32	103	207
41	33	100	199
41	34	110	220
41	35	100	199
41	36	59	118
41	37	109	218
41	38	59	118
41	39	30	60
41	40	97	195
41	41	0	0
41	42	30	60
41	43	59	118
41	44	21	43
41	45	22	44
41	46	21	43
41	47	39	78
41	48	85	169
41	49	84	169
41	50	39	78
41	51	97	193
41	52	136	272
41	53	97	193
41	54	49	97
41	55	122	244
41	56	49	97
41	57	77	155
41	58	97	194
41	59	62	125
41	60	77	155
41	61	32	63
41	62	173	346
42	0	30	60
42	1	91	182
42	2	174	348
42	3	156	313
42	4	161	322
42	5	172	345
42	6	170	339
42	7	174	348
42	8	65	131
42	9	96	193
42	10	63	126
42	11	64	128
42	12	90	181
42	13	65	131
42	14	94	188
42	15	97	194
42	16	148	296
42	17	94	188
42	18	58	116
42	19	79	159
42	20	74	148
42	21	138	276
42	22	140	279
42	23	86	173
42	24	79	159
42	25	165	330
42	26	163	326
42	27	126	251
42	28	163	326
42	29	124	248
42	30	119	237
42	31	34	68
42	32	124	248
42	33	74	149
42	34	120	240
42	35	74	149
42	36	30	60
42	37	80	159
42	38	30	60
42	39	0	0
42	40	69	138
42	41	30	60
42	42	0	0
42	43	31	62
42	44	47	94
42	45	49	98
42	46	47	94
42	47	69	137
42	48	68	136
42	49	111	223
42	50	69	137
42	51	72	145
42	52	106	212
42	53	72	145
42	54	31	63
42	55	102	204
42	56	31	63
42	57	88	176
42	58	99	197
42	59	81	161
42	60	88	176
42	61	4	7
42	62	144	288
43	0	4	9
43	1	92	185
43	2	165	330
43	3	153	306
43	4	151	301
43	5	159	318
43	6	161	322
43	7	165	330
43	8	34	69
43	9	75	150
43	10	34	67
43	11	35	70
43	12	62	124
43	13	34	69
43	14	104	208
43	15	101	203
43	16	156	314
43	17	104	208
43	18	89	178
43	19	96	192
43	20	91	183
43	21	149	298
43	22	156	313
43	23	103	205
43	24	96	192
43	25	135	271
43	26	132	264
43	27	111	222
43	28	132	264
43	29	155	309
43	30	149	297
43	31	50	100
43	32	155	309
43	33	67	135
43	34	147	293
43	35	67	135
43	36	4	9
43	37	59	118
43	38	4	9
43	39	31	62
43	40	54	108
43	41	59	118
43	42	31	62
43	43	0	0
43	44	78	156
43	45	79	159
43	46	78	156
43	47	98	196
43	48	48	96
43	49	134	267
43	50	98	196
43	51	43	86
43	52	78	157
43	53	43	86
43	54	49	97
43	55	102	205
43	56	49	97
43	57	94	189
43	58	95	190
43	59	95	191
43	60	94	189
43	61	28	57
43	62	114	228
44	0	77	154
44	1	113	227
44	2	190	380
44	3	166	332
44	4	180	360
44	5	195	390
44	6	186	371
44	7	190	380
44	8	112	224
44	9	133	266
44	10	110	220
44	11	111	221
44	12	134	268
44	13	112	224
44	14	91	182
44	15	103	205
44	16	140	280
44	17	91	182
44	18	12	25
44	19	67	135
44	20	62	124
44	21	127	255
44	22	118	236
44	23	74	147
44	24	67	135
44	25	212	424
44	26	210	420
44	27	152	305
44	28	210	420
44	29	82	165
44	30	80	160
44	31	57	115
44	32	82	165
44	33	107	215
44	34	92	184
44	35	107	215
44	36	77	154
44	37	122	245
44	38	77	154
44	39	47	94
44	40	109	219
44	41	21	43
44	42	47	94
44	43	78	156
44	44	0	0
44	45	3	5
44	46	0	0
44	47	26	51
44	48	106	212
44	49	82	164
44	50	26	51
44	51	117	235
44	52	152	305
44	53	117	235
44	54	55	110
44	55	124	248
44	56	55	110
44	57	92	183
44	58	115	229
44	59	72	144
44	60	92	183
44	61	50	100
44	62	191	382
45	0	79	158
45	1	116	232
45	2	189	378
45	3	165	330
45	4	180	359
45	5	195	389
45	6	185	369
45	7	189	378
45	8	113	227
45	9	133	267
45	10	112	224
45	11	113	225
45	12	135	270
45	13	113	227
45	14	90	179
45	15	101	203
45	16	138	276
45	17	90	179
45	18	12	24
45	19	66	131
45	20	60	120
45	21	125	251
45	22	116	231
45	23	72	143
45	24	66	131
45	25	214	428
45	26	211	423
45	27	152	304
45	28	211	423
45	29	82	164
45	30	80	159
45	31	60	120
45	32	82	164
45	33	110	220
45	34	93	186
45	35	110	220
45	36	79	158
45	37	125	250
45	38	79	158
45	39	49	98
45	40	112	223
45	41	22	44
45	42	49	98
45	43	79	159
45	44	3	5
45	45	0	0
45	46	3	5
45	47	23	46
45	48	107	213
45	49	79	159
45	50	23	46
45	51	119	237
45	52	154	309
45	53	119	237
45	54	57	115
45	55	127	253
45	56	57	115
45	57	90	181
45	58	114	228
45	59	70	141
45	60	90	181
45	61	51	103
45	62	193	386
46	0	77	154
46	1	113	227
46	2	190	380
46	3	166	332
46	4	180	360
46	5	195	390
46	6	186	371
46	7	190	380
46	8	112	224
46	9	133	266
46	10	110	220
46	11	111	221
46	12	134	268
46	13	112	224
46	14	91	182
46	15	103	205
46	16	140	280
46	17	91	182
46	18	12	25
46	19	67	135
46	20	62	124
46	21	127	255
46	22	118	236
46	23	74	147
46	24	67	135
46	25	212	424
46	26	210	420
46	27	152	305
46	28	210	420
46	29	82	165
46	30	80	160
46	31	57	115
46	32	82	165
46	33	107	215
46	34	92	184
46	35	107	215
46	36	77	154
46	37	122	245
46	38	77	154
46	39	47	94
46	40	109	219
46	41	21	43
46	42	47	94
46	43	78	156
46	44	0	0
46	45	3	5
46	46	0	0
46	47	26	51
46	48	106	212
46	49	82	164
46	50	26	51
46	51	117	235
46	52	152	305
46	53	117	235
46	54	55	110
46	55	124	248
46	56	55	110
46	57	92	183
46	58	115	229
46	59	72	144
46	60	92	183
46	61	50	100
46	62	191	382
47	0	98	196
47	1	139	277
47	2	185	371
47	3	159	318
47	4	178	356
47	5	194	389
47	6	181	362
47	7	185	371
47	8	131	261
47	9	142	285
47	10	131	262
47	11	132	264
47	12	149	298
47	13	131	261
47	14	82	163
47	15	97	193
47	16	124	249
47	17	82	163
47	18	25	49
47	19	56	112
47	20	52	104
47	21	111	223
47	22	97	195
47	23	61	122
47	24	56	112
47	25	233	466
47	26	228	455
47	27	155	310
47	28	228	455
47	29	80	160
47	30	81	162
47	31	83	165
47	32	80	160
47	33	133	266
47	34	102	204
47	35	133	266
47	36	98	196
47	37	147	293
47	38	98	196
47	39	69	137
47	40	134	268
47	41	39	78
47	42	69	137
47	43	98	196
47	44	26	51
47	45	23	46
47	46	26	51
47	47	0	0
47	48	118	235
47	49	59	119
47	50	0	0
47	51	134	267
47	52	175	349
47	53	134	267
47	54	80	161
47	55	149	298
47	56	80	161
47	57	86	172
47	58	114	227
47	59	62	124
47	60	86	172
47	61	71	141
47	62	212	424
48	0	52	105
48	1	139	279
48	2	119	239
48	3	112	224
48	4	104	209
48	5	111	222
48	6	116	231
48	7	119	239
48	8	41	82
48	9	28	57
48	10	59	118
48	11	61	122
48	12	35	69
48	13	41	82
48	14	85	171
48	15	74	149
48	16	131	261
48	17	85	171
48	18	118	236
48	19	90	180
48	20	88	175
48	21	126	252
48	22	143	286
48	23	94	189
48	24	90	180
48	25	138	276
48	26	117	233
48	27	63	127
48	28	117	233
48	29	188	376
48	30	184	368
48	31	97	193
48	32	188	376
48	33	113	225
48	34	188	376
48	35	113	225
48	36	52	105
48	37	94	188
48	38	52	105
48	39	68	136
48	40	95	190
48	41	85	169
48	42	68	136
48	43	48	96
48	44	106	212
48	45	107	213
48	46	106	212
48	47	118	235
48	48	0	0
48	49	132	264
48	50	118	235
48	51	30	59
48	52	95	190
48	53	30	59
48	54	95	189
48	55	149	298
48	56	95	189
48	57	72	145
48	58	58	116
48	59	86	172
48	60	72	145
48	61	65	129
48	62	114	227
49	0	135	271
49	1	194	388
49	2	156	312
49	3	125	250
49	4	153	307
49	5	172	344
49	6	152	304
49	7	156	312
49	8	160	319
49	9	149	298
49	10	167	334
49	11	168	337
49	12	167	333
49	13	160	319
49	14	57	113
49	15	75	151
49	16	75	151
49	17	57	113
49	18	84	168
49	19	42	84
49	20	45	89
49	21	62	124
49	22	39	79
49	23	39	77
49	24	42	84
49	25	265	530
49	26	249	497
49	27	144	289
49	28	249	497
49	29	125	249
49	30	129	259
49	31	136	271
49	32	125	249
49	33	184	368
49	34	157	313
49	35	184	368
49	36	135	271
49	37	190	381
49	38	135	271
49	39	111	223
49	40	180	361
49	41	84	169
49	42	111	223
49	43	134	267
49	44	82	164
49	45	79	159
49	46	82	164
49	47	59	119
49	48	132	264
49	49	0	0
49	50	59	119
49	51	157	314
49	52	211	423
49	53	157	314
49	54	133	266
49	55	205	410
49	56	133	266
49	57	69	137
49	58	100	199
49	59	47	94
49	60	69	137
49	61	112	224
49	62	242	484
50	0	98	196
50	1	139	277
50	2	185	371
50	3	159	318
50	4	178	356
50	5	194	389
50	6	181	362
50	7	185	371
50	8	131	261
50	9	142	285
50	10	131	262
50	11	132	264
50	12	149	298
50	13	131	261
50	14	82	163
50	15	97	193
50	16	124	249
50	17	82	163
50	18	25	49
50	19	56	112
50	20	52	104
50	21	111	223
50	22	97	195
50	23	61	122
50	24	56	112
50	25	233	466
50	26	228	455
50	27	155	310
50	28	228	455
50	29	80	160
50	30	81	162
50	31	83	165
50	32	80	160
50	33	133	266
50	34	102	204
50	35	133	266
50	36	98	196
50	37	147	293
50	38	98	196
50	39	69	137
50	40	134	268
50	41	39	78
50	42	69	137
50	43	98	196
50	44	26	51
50	45	23	46
50	46	26	51
50	47	0	0
50	48	118	235
50	49	59	119
50	50	0	0
50	51	134	267
50	52	175	349
50	53	134	267
50	54	80	161
50	55	149	298
50	56	80	161
50	57	86	172
50	58	114	227
50	59	62	124
50	60	86	172
50	61	71	141
50	62	212	424
51	0	46	92
51	1	123	247
51	2	143	287
51	3	140	279
51	4	127	255
51	5	131	262
51	6	140	280
51	7	143	287
51	8	16	31
51	9	43	86
51	10	35	70
51	11	37	74
51	12	19	38
51	13	16	31
51	14	114	228
51	15	104	208
51	16	160	320
51	17	114	228
51	18	129	258
51	19	115	231
51	20	112	225
51	21	156	311
51	22	171	342
51	23	120	241
51	24	115	231
51	25	110	219
51	26	94	188
51	27	85	170
51	28	94	188
51	29	196	393
51	30	191	382
51	31	92	185
51	32	196	393
51	33	95	189
51	34	189	379
51	35	95	189
51	36	46	92
51	37	70	140
51	38	46	92
51	39	72	145
51	40	74	149
51	41	97	193
51	42	72	145
51	43	43	86
51	44	117	235
51	45	119	237
51	46	117	235
51	47	134	267
51	48	30	59
51	49	157	314
51	50	134	267
51	51	0	0
51	52	65	131
51	53	0	0
51	54	91	182
51	55	132	264
51	56	91	182
51	57	101	202
51	58	88	175
51	59	112	225
51	60	101	202
51	61	69	138
51	62	86	171
52	0	77	155
52	1	100	199
52	2	205	411
52	3	204	409
52	4	189	378
52	5	189	379
52	6	202	404
52	7	205	411
52	8	55	110
52	9	105	209
52	10	45	90
52	11	43	87
52	12	72	144
52	13	55	110
52	14	176	351
52	15	168	336
52	16	225	449
52	17	176	351
52	18	162	324
52	19	172	345
52	20	168	337
52	21	219	438
52	22	232	463
52	23	179	357
52	24	172	345
52	25	61	121
52	26	79	159
52	27	147	293
52	28	79	159
52	29	219	438
52	30	211	421
52	31	105	209
52	32	219	438
52	33	72	145
52	34	198	396
52	35	72	145
52	36	77	155
52	37	38	77
52	38	77	155
52	39	106	212
52	40	54	108
52	41	136	272
52	42	106	212
52	43	78	157
52	44	152	305
52	45	154	309
52	46	152	305
52	47	175	349
52	48	95	190
52	49	211	423
52	50	175	349
52	51	65	131
52	52	0	0
52	53	65	131
52	54	105	211
52	55	103	207
52	56	105	211
52	57	164	328
52	58	153	306
52	59	171	341
52	60	164	328
52	61	104	209
52	62	45	90
53	0	46	92
53	1	123	247
53	2	143	287
53	3	140	279
53	4	127	255
53	5	131	262
53	6	140	280
53	7	143	287
53	8	16	31
53	9	43	86
53	10	35	70
53	11	37	74
53	12	19	38
53	13	16	31
53	14	114	228
53	15	104	208
53	16	160	320
53	17	114	228
53	18	129	258
53	19	115	231
53	20	112	225
53	21	156	311
53	22	171	342
53	23	120	241
53	24	115	231
53	25	110	219
53	26	94	188
53	27	85	170
53	28	94	188
53	29	196	393
53	30	191	382
53	31	92	185
53	32	196	393
53	33	95	189
53	34	189	379
53	35	95	189
53	36	46	92
53	37	70	140
53	38	46	92
53	39	72	145
53	40	74	149
53	41	97	193
53	42	72	145
53	43	43	86
53	44	117	235
53	45	119	237
53	46	117	235
53	47	134	267
53	48	30	59
53	49	157	314
53	50	134	267
53	51	0	0
53	52	65	131
53	53	0	0
53	54	91	182
53	55	132	264
53	56	91	182
53	57	101	202
53	58	88	175
53	59	112	225
53	60	101	202
53	61	69	138
53	62	86	171
54	0	45	90
54	1	62	125
54	2	205	410
54	3	187	376
54	4	192	384
54	5	202	405
54	6	201	401
54	7	205	410
54	8	80	160
54	9	123	245
54	10	69	139
54	11	69	139
54	12	110	220
54	13	80	160
54	14	124	248
54	15	128	256
54	16	177	355
54	17	124	248
54	18	61	122
54	19	106	213
54	20	101	201
54	21	167	333
54	22	165	330
54	23	113	227
54	24	106	213
54	25	166	332
54	26	173	347
54	27	155	310
54	28	173	347
54	29	114	227
54	30	106	212
54	31	3	6
54	32	114	227
54	33	53	106
54	34	99	198
54	35	53	106
54	36	45	90
54	37	71	142
54	38	45	90
54	39	31	63
54	40	56	113
54	41	49	97
54	42	31	63
54	43	49	97
54	44	55	110
54	45	57	115
54	46	55	110
54	47	80	161
54	48	95	189
54	49	133	266
54	50	80	161
54	51	91	182
54	52	105	211
54	53	91	182
54	54	0	0
54	55	73	147
54	56	0	0
54	57	118	237
54	58	130	260
54	59	109	217
54	60	118	237
54	61	34	68
54	62	148	297
55	0	98	196
55	1	11	22
55	2	267	535
55	3	254	509
55	4	253	506
55	5	260	520
55	6	263	527
55	7	267	535
55	8	116	233
55	9	173	346
55	10	97	195
55	11	96	192
55	12	149	298
55	13	116	233
55	14	196	392
55	15	199	397
55	16	250	500
55	17	196	392
55	18	126	252
55	19	179	359
55	20	174	348
55	21	240	479
55	22	238	476
55	23	186	373
55	24	179	359
55	25	154	309
55	26	182	366
55	27	212	425
55	28	182	366
55	29	152	304
55	30	141	283
55	31	70	141
55	32	152	304
55	33	37	75
55	34	116	233
55	35	37	75
55	36	98	196
55	37	69	138
55	38	98	196
55	39	102	204
55	40	58	117
55	41	122	244
55	42	102	204
55	43	102	205
55	44	124	248
55	45	127	253
55	46	124	248
55	47	149	298
55	48	149	298
55	49	205	410
55	50	149	298
55	51	132	264
55	52	103	207
55	53	132	264
55	54	73	147
55	55	0	0
55	56	73	147
55	57	190	379
55	58	196	393
55	59	182	363
55	60	190	379
55	61	104	207
55	62	147	293
56	0	45	90
56	1	62	125
56	2	205	410
56	3	187	376
56	4	192	384
56	5	202	405
56	6	201	401
56	7	205	410
56	8	80	160
56	9	123	245
56	10	69	139
56	11	69	139
56	12	110	220
56	13	80	160
56	14	124	248
56	15	128	256
56	16	177	355
56	17	124	248
56	18	61	122
56	19	106	213
56	20	101	201
56	21	167	333
56	22	165	330
56	23	113	227
56	24	106	213
56	25	166	332
56	26	173	347
56	27	155	310
56	28	173	347
56	29	114	227
56	30	106	212
56	31	3	6
56	32	114	227
56	33	53	106
56	34	99	198
56	35	53	106
56	36	45	90
56	37	71	142
56	38	45	90
56	39	31	63
56	40	56	113
56	41	49	97
56	42	31	63
56	43	49	97
56	44	55	110
56	45	57	115
56	46	55	110
56	47	80	161
56	48	95	189
56	49	133	266
56	50	80	161
56	51	91	182
56	52	105	211
56	53	91	182
56	54	0	0
56	55	73	147
56	56	0	0
56	57	118	237
56	58	130	260
56	59	109	217
56	60	118	237
56	61	34	68
56	62	148	297
57	0	98	196
57	1	179	357
57	2	100	200
57	3	75	149
57	4	93	185
57	5	110	219
57	6	96	191
57	7	100	200
57	8	109	218
57	9	83	165
57	10	122	244
57	11	124	248
57	12	106	212
57	13	109	218
57	14	13	27
57	15	11	22
57	16	62	125
57	17	13	27
57	18	101	203
57	19	32	64
57	20	35	69
57	21	55	111
57	22	71	142
57	23	32	63
57	24	32	64
57	25	210	421
57	26	186	373
57	27	76	153
57	28	186	373
57	29	166	332
57	30	166	333
57	31	121	243
57	32	166	332
57	33	159	319
57	34	183	367
57	35	159	319
57	36	98	196
57	37	153	306
57	38	98	196
57	39	88	176
57	40	148	296
57	41	77	155
57	42	88	176
57	43	94	189
57	44	92	183
57	45	90	181
57	46	92	183
57	47	86	172
57	48	72	145
57	49	69	137
57	50	86	172
57	51	101	202
57	52	164	328
57	53	101	202
57	54	118	237
57	55	190	379
57	56	118	237
57	57	0	0
57	58	31	63
57	59	26	51
57	60	0	0
57	61	86	172
57	62	186	372
58	0	99	198
58	1	186	371
58	2	76	152
58	3	58	117
58	4	66	131
58	5	81	162
58	6	72	144
58	7	76	152
58	8	99	198
58	9	58	117
58	10	115	231
58	11	117	235
58	12	87	174
58	13	99	198
58	14	43	86
58	15	25	50
58	16	75	149
58	17	43	86
58	18	126	252
58	19	63	126
58	20	65	129
58	21	73	145
58	22	97	193
58	23	63	126
58	24	63	126
58	25	192	385
58	26	163	327
58	27	45	90
58	28	163	327
58	29	193	387
58	30	193	385
58	31	133	265
58	32	193	387
58	33	162	325
58	34	207	413
58	35	162	325
58	36	99	198
58	37	150	299
58	38	99	198
58	39	99	197
58	40	148	295
58	41	97	194
58	42	99	197
58	43	95	190
58	44	115	229
58	45	114	228
58	46	115	229
58	47	114	227
58	48	58	116
58	49	100	199
58	50	114	227
58	51	88	175
58	52	153	306
58	53	88	175
58	54	130	260
58	55	196	393
58	56	130	260
58	57	31	63
58	58	0	0
58	59	57	113
58	60	31	63
58	61	96	192
58	62	168	337
59	0	98	196
59	1	171	341
59	2	124	248
59	3	97	194
59	4	117	235
59	5	135	270
59	6	120	240
59	7	124	248
59	8	117	234
59	9	102	204
59	10	127	253
59	11	128	257
59	12	121	241
59	13	117	234
59	14	20	39
59	15	35	71
59	16	69	139
59	17	20	39
59	18	80	161
59	19	7	13
59	20	11	21
59	21	58	116
59	22	61	123
59	23	8	17
59	24	7	13
59	25	222	443
59	26	203	405
59	27	101	202
59	28	203	405
59	29	142	284
59	30	143	286
59	31	112	223
59	32	142	284
59	33	155	309
59	34	162	325
59	35	155	309
59	36	98	196
59	37	154	308
59	38	98	196
59	39	81	161
59	40	147	293
59	41	62	125
59	42	81	161
59	43	95	191
59	44	72	144
59	45	70	141
59	46	72	144
59	47	62	124
59	48	86	172
59	49	47	94
59	50	62	124
59	51	112	225
59	52	171	341
59	53	112	225
59	54	109	217
59	55	182	363
59	56	109	217
59	57	26	51
59	58	57	113
59	59	0	0
59	60	26	51
59	61	80	159
59	62	198	396
60	0	98	196
60	1	179	357
60	2	100	200
60	3	75	149
60	4	93	185
60	5	110	219
60	6	96	191
60	7	100	200
60	8	109	218
60	9	83	165
60	10	122	244
60	11	124	248
60	12	106	212
60	13	109	218
60	14	13	27
60	15	11	22
60	16	62	125
60	17	13	27
60	18	101	203
60	19	32	64
60	20	35	69
60	21	55	111
60	22	71	142
60	23	32	63
60	24	32	64
60	25	210	421
60	26	186	373
60	27	76	153
60	28	186	373
60	29	166	332
60	30	166	333
60	31	121	243
60	32	166	332
60	33	159	319
60	34	183	367
60	35	159	319
60	36	98	196
60	37	153	306
60	38	98	196
60	39	88	176
60	40	148	296
60	41	77	155
60	42	88	176
60	43	94	189
60	44	92	183
60	45	90	181
60	46	92	183
60	47	86	172
60	48	72	145
60	49	69	137
60	50	86	172
60	51	101	202
60	52	164	328
60	53	101	202
60	54	118	237
60	55	190	379
60	56	118	237
60	57	0	0
60	58	31	63
60	59	26	51
60	60	0	0
60	61	86	172
60	62	186	372
61	0	28	55
61	1	93	185
61	2	171	342
61	3	154	308
61	4	158	316
61	5	169	338
61	6	167	333
61	7	171	342
61	8	62	125
61	9	93	186
61	10	61	121
61	11	62	123
61	12	87	174
61	13	62	125
61	14	93	186
61	15	95	190
61	16	147	293
61	17	93	186
61	18	61	122
61	19	79	157
61	20	73	147
61	21	137	274
61	22	139	279
61	23	86	171
61	24	79	157
61	25	163	325
61	26	160	321
61	27	122	245
61	28	160	321
61	29	127	255
61	30	122	244
61	31	37	73
61	32	127	255
61	33	75	150
61	34	124	247
61	35	75	150
61	36	28	55
61	37	79	158
61	38	28	55
61	39	4	7
61	40	69	137
61	41	32	63
61	42	4	7
61	43	28	57
61	44	50	100
61	45	51	103
61	46	50	100
61	47	71	141
61	48	65	129
61	49	112	224
61	50	71	141
61	51	69	138
61	52	104	209
61	53	69	138
61	54	34	68
61	55	104	207
61	56	34	68
61	57	86	172
61	58	96	192
61	59	80	159
61	60	86	172
61	61	0	0
61	62	142	283
62	0	114	228
62	1	144	288
62	2	206	411
62	3	212	423
62	4	189	378
62	5	185	370
62	6	203	407
62	7	206	411
62	8	83	165
62	9	112	224
62	10	82	163
62	11	81	162
62	12	81	163
62	13	83	165
62	14	199	398
62	15	188	375
62	16	242	485
62	17	199	398
62	18	202	404
62	19	201	402
62	20	197	395
62	21	239	478
62	22	257	513
62	23	206	412
62	24	201	402
62	25	24	49
62	26	40	79
62	27	150	299
62	28	40	79
62	29	262	524
62	30	254	508
62	31	148	296
62	32	262	524
62	33	117	235
62	34	243	486
62	35	117	235
62	36	114	228
62	37	83	167
62	38	114	228
62	39	144	288
62	40	99	198
62	41	173	346
62	42	144	288
62	43	114	228
62	44	191	382
62	45	193	386
62	46	191	382
62	47	212	424
62	48	114	227
62	49	242	484
62	50	212	424
62	51	86	171
62	52	45	90
62	53	86	171
62	54	148	297
62	55	147	293
62	56	148	297
62	57	186	372
62	58	168	337
62	59	198	396
62	60	186	372
62	61	142	283
62	62	0	0
</TRAVEL_COSTS_TIMES>
