<NB_CUSTOMERS>30</NB_CUSTOMERS>
<NB_LOCATIONS>75</NB_LOCATIONS>
<NB_VEHICLES>7</NB_VEHICLES>
<VEHICLE_CAPACITY>750</VEHICLE_CAPACITY>
<EXTERNAL_VEHICLE_COST>6500</EXTERNAL_VEHICLE_COST>
<DEPOT>	ID	DEMAND	NBLOC	LOCS
0	0	1		0
</DEPOT>
<CUSTOMERS>	ID	DEMAND	NBLOC	LOCS
1	30	1			1
2	47	6			2	3	4	5	6	7
3	27	3			8	9	10
4	62	3			11	12	13
5	33	1			14
6	58	4			15	16	17	18
7	41	3			19	20	21
8	46	1			22
9	73	1			23
10	49	1			24
11	69	1			25
12	61	5			26	27	28	29	30
13	68	1			31
14	41	4			32	33	34	35
15	47	5			36	37	38	39	40
16	48	3			41	42	43
17	34	1			44
18	77	1			45
19	50	1			46
20	27	4			47	48	49	50
21	75	4			51	52	53	54
22	50	1			55
23	34	1			56
24	44	4			57	58	59	60
25	43	1			61
26	50	1			62
27	41	1			63
28	49	6			64	65	66	67	68	69
29	47	4			70	71	72	73
30	28	1			74
</CUSTOMERS>
<LOCATIONS>	ID	x	y	TWE	TWL
0	0	0	0	720
1	1.35013	153.137	0	720
2	39.087	-66.3643	0	1
3	51.7612	-22.2194	93	103
4	0.635037	-88.9296	271	301
5	38.1638	-44.2018	418	452
6	42.1538	-72.2898	509	539
7	39.087	-66.3643	552	720
8	41.8403	64.21	0	117
9	45.0964	79.4572	148	357
10	41.8403	64.21	388	720
11	11.2502	-16.1784	0	214
12	82.8735	-24.6064	358	365
13	11.2502	-16.1784	509	720
14	4.93549	29.7496	0	720
15	-58.4902	15.6085	0	205
16	-37.361	-39.0685	322	421
17	-51.5249	10.71	525	588
18	-58.4902	15.6085	605	720
19	-9.13391	-7.60276	0	85
20	51.6294	-55.5869	240	359
21	-9.13391	-7.60276	514	720
22	29.5624	29.9094	0	720
23	-49.6634	147.821	0	720
24	24.574	-42.983	0	720
25	67.8841	32.1344	0	720
26	-38.8143	-20.7898	0	93
27	-14.7817	-15.4937	142	164
28	-24.6539	-45.394	227	228
29	34.2882	12.4545	393	423
30	-38.8143	-20.7898	584	720
31	1.90419	11.7414	0	720
32	-1.04746	57.7344	0	33
33	-21.0636	90.6721	110	113
34	-13.1335	-38.2635	371	395
35	-1.04746	57.7344	588	720
36	28.3874	20.3075	0	0
37	75.0991	32.4812	96	102
38	48.8046	-43.1722	262	271
39	-37.4415	61.7885	542	548
40	28.3874	20.3075	704	720
41	-53.7797	109.506	0	215
42	-12.3309	48.8131	362	479
43	-53.7797	109.506	626	720
44	-3.256	13.5411	0	720
45	24.6416	50.8801	0	720
46	24.2587	-9.73042	0	720
47	93.4372	45.1192	0	31
48	37.5203	21.8202	152	230
49	55.0559	96.407	383	394
50	93.4372	45.1192	522	720
51	0.108844	28.47	0	11
52	21.3708	-49.6398	173	190
53	-91.9892	-10.811	430	446
54	0.108844	28.47	646	720
55	-73.3101	57.8234	0	720
56	10.3724	151.281	0	720
57	-14.116	4.49951	0	157
58	-14.7078	5.08627	159	478
59	-28.154	-13.7133	524	626
60	-14.116	4.49951	672	720
61	-15.4805	-170.833	0	720
62	21.3958	68.2794	0	720
63	112.926	106.065	0	720
64	132.861	-104.063	0	12
65	128.09	-115.2	36	49
66	184.275	-100.615	165	168
67	137.937	-112.49	264	276
68	86.9956	-51.3893	435	475
69	132.861	-104.063	615	720
70	-54.063	-28.1483	0	191
71	-72.5082	-42.8563	238	251
72	-46.855	-30.0785	308	572
73	-54.063	-28.1483	587	720
74	73.4106	-89.0937	0	720
</LOCATIONS>
<TRAVEL_COSTS_TIMES>	IDFROM	IDTO	COST	TIME
0	0	0	0
0	1	152	306
0	2	77	154
0	3	56	112
0	4	89	178
0	5	58	117
0	6	84	167
0	7	77	154
0	8	77	153
0	9	91	183
0	10	77	153
0	11	20	39
0	12	86	173
0	13	20	39
0	14	30	60
0	15	61	121
0	16	54	108
0	17	53	105
0	18	61	121
0	19	12	24
0	20	76	152
0	21	12	24
0	22	42	84
0	23	156	312
0	24	50	99
0	25	75	150
0	26	44	88
0	27	21	43
0	28	52	103
0	29	36	73
0	30	44	88
0	31	12	24
0	32	57	115
0	33	93	186
0	34	40	81
0	35	57	115
0	36	35	70
0	37	81	164
0	38	65	130
0	39	72	144
0	40	35	70
0	41	122	244
0	42	50	101
0	43	122	244
0	44	14	28
0	45	57	113
0	46	26	52
0	47	103	207
0	48	43	87
0	49	111	222
0	50	103	207
0	51	28	57
0	52	54	108
0	53	93	185
0	54	28	57
0	55	93	187
0	56	151	303
0	57	15	30
0	58	16	31
0	59	31	63
0	60	15	30
0	61	172	343
0	62	72	143
0	63	155	310
0	64	169	338
0	65	172	344
0	66	210	420
0	67	178	356
0	68	101	202
0	69	169	338
0	70	61	122
0	71	84	168
0	72	56	111
0	73	61	122
0	74	115	231
1	0	152	306
1	1	0	0
1	2	222	445
1	3	182	365
1	4	241	484
1	5	200	401
1	6	228	458
1	7	222	445
1	8	98	195
1	9	86	171
1	10	98	195
1	11	169	339
1	12	196	391
1	13	169	339
1	14	123	247
1	15	150	300
1	16	196	392
1	17	152	304
1	18	150	300
1	19	161	322
1	20	214	428
1	21	161	322
1	22	126	252
1	23	51	103
1	24	197	395
1	25	138	276
1	26	179	357
1	27	169	339
1	28	200	400
1	29	144	288
1	30	179	357
1	31	141	283
1	32	95	191
1	33	66	133
1	34	192	384
1	35	95	191
1	36	135	271
1	37	141	282
1	38	201	403
1	39	99	198
1	40	135	271
1	41	70	141
1	42	105	210
1	43	70	141
1	44	139	279
1	45	105	209
1	46	164	329
1	47	142	284
1	48	136	272
1	49	78	156
1	50	142	284
1	51	124	249
1	52	204	408
1	53	189	377
1	54	124	249
1	55	121	242
1	56	9	18
1	57	149	299
1	58	149	298
1	59	169	339
1	60	149	299
1	61	324	649
1	62	87	174
1	63	121	242
1	64	289	578
1	65	297	593
1	66	313	626
1	67	299	597
1	68	222	443
1	69	289	578
1	70	189	379
1	71	209	419
1	72	189	379
1	73	189	379
1	74	252	505
2	0	77	154
2	1	222	445
2	2	0	0
2	3	46	92
2	4	45	89
2	5	22	44
2	6	7	13
2	7	0	0
2	8	130	261
2	9	146	292
2	10	130	261
2	11	57	115
2	12	61	121
2	13	57	115
2	14	102	204
2	15	127	255
2	16	81	162
2	17	119	238
2	18	127	255
2	19	76	152
2	20	17	33
2	21	76	152
2	22	97	193
2	23	232	464
2	24	28	55
2	25	103	205
2	26	90	181
2	27	74	148
2	28	67	134
2	29	79	158
2	30	90	181
2	31	86	173
2	32	130	261
2	33	168	336
2	34	59	119
2	35	130	261
2	36	87	174
2	37	105	210
2	38	25	50
2	39	149	298
2	40	87	174
2	41	198	398
2	42	126	252
2	43	198	398
2	44	90	181
2	45	118	236
2	46	59	117
2	47	124	248
2	48	88	176
2	49	164	327
2	50	124	248
2	51	103	205
2	52	24	49
2	53	142	284
2	54	103	205
2	55	167	335
2	56	219	438
2	57	89	177
2	58	89	179
2	59	85	171
2	60	89	177
2	61	118	236
2	62	135	271
2	63	187	375
2	64	101	202
2	65	102	203
2	66	149	298
2	67	109	218
2	68	50	100
2	69	101	202
2	70	100	201
2	71	114	228
2	72	93	187
2	73	100	201
2	74	41	82
3	0	56	112
3	1	182	365
3	2	46	92
3	3	0	0
3	4	84	168
3	5	26	52
3	6	51	102
3	7	46	92
3	8	87	174
3	9	102	204
3	10	87	174
3	11	41	82
3	12	31	62
3	13	41	82
3	14	70	140
3	15	117	233
3	16	91	181
3	17	108	217
3	18	117	233
3	19	63	125
3	20	33	67
3	21	63	125
3	22	57	113
3	23	198	396
3	24	34	68
3	25	57	113
3	26	91	181
3	27	67	134
3	28	80	160
3	29	39	78
3	30	91	181
3	31	60	121
3	32	96	192
3	33	134	269
3	34	67	134
3	35	96	192
3	36	49	97
3	37	59	119
3	38	21	42
3	39	122	245
3	40	49	97
3	41	169	338
3	42	96	191
3	43	169	338
3	44	65	131
3	45	78	156
3	46	30	60
3	47	79	158
3	48	46	93
3	49	119	237
3	50	79	158
3	51	72	145
3	52	41	82
3	53	144	288
3	54	72	145
3	55	148	297
3	56	178	357
3	57	71	142
3	58	72	143
3	59	80	161
3	60	71	142
3	61	163	326
3	62	95	191
3	63	142	284
3	64	115	230
3	65	120	241
3	66	154	308
3	67	125	250
3	68	46	91
3	69	115	230
3	70	106	212
3	71	126	252
3	72	99	198
3	73	106	212
3	74	70	141
4	0	89	178
4	1	241	484
4	2	45	89
4	3	84	168
4	4	0	0
4	5	58	117
4	6	45	89
4	7	45	89
4	8	158	317
4	9	174	348
4	10	158	317
4	11	74	147
4	12	104	209
4	13	74	147
4	14	119	238
4	15	119	240
4	16	63	125
4	17	112	225
4	18	119	240
4	19	82	164
4	20	61	122
4	21	82	164
4	22	122	244
4	23	242	484
4	24	51	104
4	25	138	277
4	26	78	157
4	27	75	150
4	28	50	101
4	29	107	214
4	30	78	157
4	31	101	201
4	32	146	293
4	33	181	362
4	34	53	105
4	35	146	293
4	36	113	225
4	37	142	285
4	38	66	133
4	39	155	311
4	40	113	225
4	41	205	412
4	42	138	277
4	43	205	412
4	44	103	205
4	45	142	284
4	46	83	165
4	47	163	326
4	48	117	233
4	49	193	386
4	50	163	326
4	51	117	235
4	52	44	89
4	53	121	242
4	54	117	235
4	55	164	329
4	56	240	481
4	57	95	189
4	58	95	191
4	59	81	161
4	60	95	189
4	61	83	167
4	62	159	317
4	63	224	450
4	64	133	266
4	65	130	260
4	66	184	368
4	67	139	279
4	68	94	188
4	69	133	266
4	70	82	164
4	71	86	173
4	72	76	151
4	73	82	164
4	74	73	146
5	0	58	117
5	1	200	401
5	2	22	44
5	3	26	52
5	4	58	117
5	5	0	0
5	6	28	57
5	7	22	44
5	8	108	217
5	9	124	248
5	10	108	217
5	11	39	78
5	12	49	98
5	13	39	78
5	14	81	162
5	15	114	227
5	16	76	151
5	17	105	210
5	18	114	227
5	19	60	120
5	20	18	35
5	21	60	120
5	22	75	149
5	23	211	422
5	24	14	27
5	25	82	164
5	26	80	161
5	27	60	120
5	28	63	126
5	29	57	114
5	30	80	161
5	31	67	133
5	32	109	218
5	33	147	294
5	34	52	103
5	35	109	218
5	36	65	130
5	37	85	170
5	38	11	21
5	39	130	260
5	40	65	130
5	41	179	358
5	42	106	212
5	43	179	358
5	44	71	142
5	45	96	192
5	46	37	74
5	47	105	210
5	48	66	132
5	49	142	283
5	50	105	210
5	51	82	164
5	52	18	35
5	53	134	269
5	54	82	164
5	55	151	302
5	56	197	394
5	57	71	143
5	58	72	145
5	59	73	146
5	60	71	143
5	61	138	275
5	62	113	227
5	63	168	335
5	64	112	224
5	65	115	229
5	66	157	313
5	67	121	242
5	68	49	99
5	69	112	224
5	70	93	187
5	71	111	221
5	72	86	172
5	73	93	187
5	74	57	114
6	0	84	167
6	1	228	458
6	2	7	13
6	3	51	102
6	4	45	89
6	5	28	57
6	6	0	0
6	7	7	13
6	8	136	273
6	9	152	304
6	10	136	273
6	11	64	128
6	12	63	125
6	13	64	128
6	14	109	217
6	15	134	267
6	16	86	172
6	17	125	250
6	18	134	267
6	19	83	165
6	20	19	38
6	21	83	165
6	22	103	206
6	23	238	477
6	24	34	68
6	25	108	215
6	26	96	192
6	27	80	160
6	28	72	144
6	29	85	170
6	30	96	192
6	31	93	186
6	32	137	274
6	33	175	349
6	34	65	130
6	35	137	274
6	36	93	187
6	37	110	220
6	38	30	60
6	39	156	311
6	40	93	187
6	41	205	411
6	42	133	265
6	43	205	411
6	44	97	194
6	45	124	249
6	46	65	130
6	47	128	256
6	48	94	188
6	49	169	338
6	50	128	256
6	51	109	218
6	52	31	61
6	53	148	295
6	54	109	218
6	55	174	347
6	56	225	451
6	57	95	190
6	58	96	192
6	59	92	183
6	60	95	190
6	61	114	228
6	62	141	284
6	63	192	384
6	64	96	192
6	65	96	192
6	66	145	290
6	67	104	208
6	68	49	99
6	69	96	192
6	70	106	212
6	71	118	237
6	72	99	197
6	73	106	212
6	74	35	71
7	0	77	154
7	1	222	445
7	2	0	0
7	3	46	92
7	4	45	89
7	5	22	44
7	6	7	13
7	7	0	0
7	8	130	261
7	9	146	292
7	10	130	261
7	11	57	115
7	12	61	121
7	13	57	115
7	14	102	204
7	15	127	255
7	16	81	162
7	17	119	238
7	18	127	255
7	19	76	152
7	20	17	33
7	21	76	152
7	22	97	193
7	23	232	464
7	24	28	55
7	25	103	205
7	26	90	181
7	27	74	148
7	28	67	134
7	29	79	158
7	30	90	181
7	31	86	173
7	32	130	261
7	33	168	336
7	34	59	119
7	35	130	261
7	36	87	174
7	37	105	210
7	38	25	50
7	39	149	298
7	40	87	174
7	41	198	398
7	42	126	252
7	43	198	398
7	44	90	181
7	45	118	236
7	46	59	117
7	47	124	248
7	48	88	176
7	49	164	327
7	50	124	248
7	51	103	205
7	52	24	49
7	53	142	284
7	54	103	205
7	55	167	335
7	56	219	438
7	57	89	177
7	58	89	179
7	59	85	171
7	60	89	177
7	61	118	236
7	62	135	271
7	63	187	375
7	64	101	202
7	65	102	203
7	66	149	298
7	67	109	218
7	68	50	100
7	69	101	202
7	70	100	201
7	71	114	228
7	72	93	187
7	73	100	201
7	74	41	82
8	0	77	153
8	1	98	195
8	2	130	261
8	3	87	174
8	4	158	317
8	5	108	217
8	6	136	273
8	7	130	261
8	8	0	0
8	9	16	31
8	10	0	0
8	11	86	172
8	12	98	196
8	13	86	172
8	14	50	101
8	15	111	223
8	16	130	260
8	17	108	215
8	18	111	223
8	19	88	176
8	20	120	240
8	21	88	176
8	22	36	73
8	23	124	248
8	24	108	217
8	25	41	83
8	26	117	234
8	27	98	195
8	28	128	256
8	29	52	105
8	30	117	234
8	31	66	132
8	32	43	87
8	33	68	136
8	34	116	233
8	35	43	87
8	36	46	92
8	37	46	92
8	38	108	215
8	39	79	159
8	40	46	92
8	41	106	211
8	42	56	113
8	43	106	211
8	44	68	136
8	45	22	44
8	46	76	152
8	47	55	110
8	48	43	85
8	49	35	70
8	50	55	110
8	51	55	110
8	52	115	231
8	53	153	307
8	54	55	110
8	55	115	231
8	56	93	185
8	57	82	164
8	58	82	164
8	59	105	209
8	60	82	164
8	61	241	484
8	62	21	42
8	63	82	165
8	64	191	383
8	65	199	398
8	66	218	436
8	67	201	402
8	68	124	248
8	69	191	383
8	70	133	266
8	71	156	313
8	72	129	259
8	73	133	266
8	74	157	313
9	0	91	183
9	1	86	171
9	2	146	292
9	3	102	204
9	4	174	348
9	5	124	248
9	6	152	304
9	7	146	292
9	8	16	31
9	9	0	0
9	10	16	31
9	11	101	203
9	12	111	221
9	13	101	203
9	14	64	128
9	15	122	243
9	16	144	288
9	17	119	237
9	18	122	243
9	19	102	205
9	20	135	270
9	21	102	205
9	22	52	104
9	23	117	234
9	24	124	248
9	25	53	105
9	26	130	261
9	27	112	224
9	28	143	286
9	29	68	136
9	30	130	261
9	31	80	161
9	32	51	102
9	33	67	134
9	34	131	263
9	35	51	102
9	36	61	123
9	37	56	111
9	38	123	245
9	39	84	169
9	40	61	123
9	41	103	207
9	42	65	130
9	43	103	207
9	44	82	163
9	45	35	70
9	46	91	183
9	47	59	119
9	48	58	116
9	49	20	39
9	50	59	119
9	51	68	136
9	52	131	262
9	53	164	328
9	54	68	136
9	55	120	241
9	56	80	160
9	57	95	191
9	58	95	191
9	59	118	237
9	60	95	191
9	61	257	515
9	62	26	52
9	63	73	146
9	64	203	407
9	65	212	423
9	66	228	455
9	67	213	426
9	68	137	275
9	69	203	407
9	70	146	293
9	71	170	339
9	72	142	286
9	73	146	293
9	74	171	342
10	0	77	153
10	1	98	195
10	2	130	261
10	3	87	174
10	4	158	317
10	5	108	217
10	6	136	273
10	7	130	261
10	8	0	0
10	9	16	31
10	10	0	0
10	11	86	172
10	12	98	196
10	13	86	172
10	14	50	101
10	15	111	223
10	16	130	260
10	17	108	215
10	18	111	223
10	19	88	176
10	20	120	240
10	21	88	176
10	22	36	73
10	23	124	248
10	24	108	217
10	25	41	83
10	26	117	234
10	27	98	195
10	28	128	256
10	29	52	105
10	30	117	234
10	31	66	132
10	32	43	87
10	33	68	136
10	34	116	233
10	35	43	87
10	36	46	92
10	37	46	92
10	38	108	215
10	39	79	159
10	40	46	92
10	41	106	211
10	42	56	113
10	43	106	211
10	44	68	136
10	45	22	44
10	46	76	152
10	47	55	110
10	48	43	85
10	49	35	70
10	50	55	110
10	51	55	110
10	52	115	231
10	53	153	307
10	54	55	110
10	55	115	231
10	56	93	185
10	57	82	164
10	58	82	164
10	59	105	209
10	60	82	164
10	61	241	484
10	62	21	42
10	63	82	165
10	64	191	383
10	65	199	398
10	66	218	436
10	67	201	402
10	68	124	248
10	69	191	383
10	70	133	266
10	71	156	313
10	72	129	259
10	73	133	266
10	74	157	313
11	0	20	39
11	1	169	339
11	2	57	115
11	3	41	82
11	4	74	147
11	5	39	78
11	6	64	128
11	7	57	115
11	8	86	172
11	9	101	203
11	10	86	172
11	11	0	0
11	12	72	144
11	13	0	0
11	14	46	93
11	15	77	153
11	16	54	107
11	17	68	136
11	18	77	153
11	19	22	44
11	20	56	113
11	21	22	44
11	22	50	99
11	23	175	350
11	24	30	60
11	25	74	149
11	26	50	101
11	27	26	52
11	28	46	93
11	29	37	74
11	30	50	101
11	31	29	59
11	32	75	150
11	33	111	223
11	34	33	66
11	35	75	150
11	36	40	81
11	37	80	161
11	38	46	92
11	39	92	183
11	40	40	81
11	41	141	283
11	42	69	138
11	43	141	283
11	44	33	66
11	45	68	137
11	46	15	29
11	47	102	205
11	48	46	92
11	49	121	241
11	50	102	205
11	51	46	92
11	52	35	70
11	53	103	207
11	54	46	92
11	55	112	224
11	56	167	335
11	57	33	65
11	58	34	67
11	59	39	79
11	60	33	65
11	61	157	314
11	62	85	170
11	63	159	318
11	64	150	300
11	65	153	306
11	66	193	385
11	67	159	318
11	68	84	167
11	69	150	300
11	70	66	133
11	71	88	176
11	72	60	119
11	73	66	133
11	74	96	192
12	0	86	173
12	1	196	391
12	2	61	121
12	3	31	62
12	4	104	209
12	5	49	98
12	6	63	125
12	7	61	121
12	8	98	196
12	9	111	221
12	10	98	196
12	11	72	144
12	12	0	0
12	13	72	144
12	14	95	190
12	15	147	294
12	16	121	242
12	17	138	278
12	18	147	294
12	19	93	187
12	20	44	88
12	21	93	187
12	22	76	152
12	23	217	435
12	24	61	122
12	25	59	117
12	26	122	243
12	27	98	196
12	28	110	219
12	29	61	122
12	30	122	243
12	31	89	178
12	32	117	235
12	33	155	310
12	34	97	194
12	35	117	235
12	36	71	141
12	37	58	115
12	38	39	78
12	39	148	296
12	40	71	141
12	41	191	382
12	42	120	240
12	43	191	382
12	44	94	188
12	45	95	191
12	46	60	121
12	47	71	141
12	48	65	130
12	49	124	248
12	50	71	141
12	51	98	197
12	52	66	133
12	53	175	350
12	54	98	197
12	55	177	353
12	56	190	380
12	57	101	203
12	58	102	204
12	59	111	223
12	60	101	203
12	61	176	352
12	62	111	223
12	63	134	268
12	64	94	188
12	65	101	203
12	66	127	253
12	67	104	207
12	68	27	54
12	69	94	188
12	70	137	274
12	71	156	313
12	72	130	260
12	73	137	274
12	74	65	130
13	0	20	39
13	1	169	339
13	2	57	115
13	3	41	82
13	4	74	147
13	5	39	78
13	6	64	128
13	7	57	115
13	8	86	172
13	9	101	203
13	10	86	172
13	11	0	0
13	12	72	144
13	13	0	0
13	14	46	93
13	15	77	153
13	16	54	107
13	17	68	136
13	18	77	153
13	19	22	44
13	20	56	113
13	21	22	44
13	22	50	99
13	23	175	350
13	24	30	60
13	25	74	149
13	26	50	101
13	27	26	52
13	28	46	93
13	29	37	74
13	30	50	101
13	31	29	59
13	32	75	150
13	33	111	223
13	34	33	66
13	35	75	150
13	36	40	81
13	37	80	161
13	38	46	92
13	39	92	183
13	40	40	81
13	41	141	283
13	42	69	138
13	43	141	283
13	44	33	66
13	45	68	137
13	46	15	29
13	47	102	205
13	48	46	92
13	49	121	241
13	50	102	205
13	51	46	92
13	52	35	70
13	53	103	207
13	54	46	92
13	55	112	224
13	56	167	335
13	57	33	65
13	58	34	67
13	59	39	79
13	60	33	65
13	61	157	314
13	62	85	170
13	63	159	318
13	64	150	300
13	65	153	306
13	66	193	385
13	67	159	318
13	68	84	167
13	69	150	300
13	70	66	133
13	71	88	176
13	72	60	119
13	73	66	133
13	74	96	192
14	0	30	60
14	1	123	247
14	2	102	204
14	3	70	140
14	4	119	238
14	5	81	162
14	6	109	217
14	7	102	204
14	8	50	101
14	9	64	128
14	10	50	101
14	11	46	93
14	12	95	190
14	13	46	93
14	14	0	0
14	15	65	130
14	16	81	161
14	17	60	119
14	18	65	130
14	19	40	80
14	20	97	195
14	21	40	80
14	22	25	49
14	23	130	260
14	24	75	151
14	25	63	126
14	26	67	134
14	27	49	98
14	28	80	161
14	29	34	68
14	30	67	134
14	31	18	37
14	32	29	57
14	33	66	132
14	34	70	141
14	35	29	57
14	36	25	51
14	37	70	140
14	38	85	170
14	39	53	106
14	40	25	51
14	41	99	198
14	42	26	51
14	43	99	198
14	44	18	36
14	45	29	58
14	46	44	88
14	47	90	180
14	48	34	67
14	49	83	167
14	50	90	180
14	51	5	10
14	52	81	162
14	53	105	210
14	54	5	10
14	55	83	166
14	56	122	243
14	57	32	63
14	58	32	63
14	59	55	109
14	60	32	63
14	61	201	403
14	62	42	84
14	63	132	264
14	64	185	370
14	65	190	380
14	66	222	443
14	67	195	389
14	68	115	231
14	69	185	370
14	70	83	165
14	71	106	212
14	72	79	158
14	73	83	165
14	74	137	274
15	0	61	121
15	1	150	300
15	2	127	255
15	3	117	233
15	4	119	240
15	5	114	227
15	6	134	267
15	7	127	255
15	8	111	223
15	9	122	243
15	10	111	223
15	11	77	153
15	12	147	294
15	13	77	153
15	14	65	130
15	15	0	0
15	16	59	117
15	17	9	17
15	18	0	0
15	19	55	109
15	20	131	262
15	21	55	109
15	22	89	178
15	23	133	265
15	24	102	203
15	25	127	255
15	26	41	83
15	27	54	107
15	28	69	140
15	29	92	186
15	30	41	83
15	31	60	121
15	32	71	142
15	33	84	168
15	34	70	141
15	35	71	142
15	36	87	174
15	37	134	269
15	38	122	245
15	39	51	102
15	40	87	174
15	41	94	188
15	42	57	114
15	43	94	188
15	44	55	111
15	45	90	181
15	46	87	173
15	47	155	309
15	48	96	192
15	49	139	278
15	50	155	309
15	51	60	120
15	52	103	206
15	53	43	85
15	54	60	120
15	55	45	89
15	56	152	304
15	57	46	91
15	58	45	90
15	59	42	84
15	60	46	91
15	61	191	382
15	62	96	191
15	63	193	388
15	64	226	451
15	65	228	455
15	66	269	538
15	67	234	469
15	68	160	320
15	69	226	451
15	70	44	88
15	71	60	120
15	72	47	94
15	73	44	88
15	74	168	337
16	0	54	108
16	1	196	392
16	2	81	162
16	3	91	181
16	4	63	125
16	5	76	151
16	6	86	172
16	7	81	162
16	8	130	260
16	9	144	288
16	10	130	260
16	11	54	107
16	12	121	242
16	13	54	107
16	14	81	161
16	15	59	117
16	16	0	0
16	17	52	104
16	18	59	117
16	19	42	84
16	20	91	181
16	21	42	84
16	22	96	192
16	23	187	375
16	24	62	124
16	25	127	254
16	26	18	37
16	27	33	65
16	28	14	28
16	29	88	177
16	30	18	37
16	31	64	128
16	32	103	207
16	33	131	262
16	34	24	48
16	35	103	207
16	36	89	177
16	37	133	267
16	38	86	172
16	39	101	202
16	40	89	177
16	41	149	299
16	42	91	183
16	43	149	299
16	44	63	125
16	45	109	218
16	46	68	136
16	47	155	311
16	48	97	193
16	49	164	327
16	50	155	311
16	51	77	154
16	52	60	119
16	53	62	123
16	54	77	154
16	55	103	206
16	56	196	392
16	57	49	99
16	58	50	99
16	59	27	54
16	60	49	99
16	61	134	267
16	62	122	244
16	63	209	418
16	64	182	364
16	65	182	364
16	66	230	460
16	67	190	380
16	68	125	250
16	69	182	364
16	70	20	40
16	71	35	71
16	72	13	26
16	73	20	40
16	74	121	243
17	0	53	105
17	1	152	304
17	2	119	238
17	3	108	217
17	4	112	225
17	5	105	210
17	6	125	250
17	7	119	238
17	8	108	215
17	9	119	237
17	10	108	215
17	11	68	136
17	12	138	278
17	13	68	136
17	14	60	119
17	15	9	17
17	16	52	104
17	17	0	0
17	18	9	17
17	19	46	92
17	20	123	245
17	21	46	92
17	22	83	167
17	23	137	274
17	24	93	186
17	25	121	243
17	26	34	68
17	27	45	90
17	28	62	124
17	29	85	172
17	30	34	68
17	31	53	107
17	32	69	138
17	33	86	171
17	34	62	124
17	35	69	138
17	36	80	161
17	37	128	257
17	38	114	228
17	39	53	106
17	40	80	161
17	41	99	198
17	42	55	109
17	43	99	198
17	44	48	97
17	45	86	172
17	46	78	157
17	47	149	298
17	48	89	179
17	49	137	274
17	50	149	298
17	51	55	109
17	52	95	189
17	53	46	92
17	54	55	109
17	55	52	104
17	56	154	307
17	57	38	76
17	58	37	74
17	59	34	68
17	60	38	76
17	61	185	370
17	62	93	186
17	63	190	380
17	64	217	434
17	65	219	438
17	66	261	521
17	67	226	452
17	68	152	303
17	69	217	434
17	70	39	78
17	71	58	115
17	72	41	82
17	73	39	78
17	74	160	320
18	0	61	121
18	1	150	300
18	2	127	255
18	3	117	233
18	4	119	240
18	5	114	227
18	6	134	267
18	7	127	255
18	8	111	223
18	9	122	243
18	10	111	223
18	11	77	153
18	12	147	294
18	13	77	153
18	14	65	130
18	15	0	0
18	16	59	117
18	17	9	17
18	18	0	0
18	19	55	109
18	20	131	262
18	21	55	109
18	22	89	178
18	23	133	265
18	24	102	203
18	25	127	255
18	26	41	83
18	27	54	107
18	28	69	140
18	29	92	186
18	30	41	83
18	31	60	121
18	32	71	142
18	33	84	168
18	34	70	141
18	35	71	142
18	36	87	174
18	37	134	269
18	38	122	245
18	39	51	102
18	40	87	174
18	41	94	188
18	42	57	114
18	43	94	188
18	44	55	111
18	45	90	181
18	46	87	173
18	47	155	309
18	48	96	192
18	49	139	278
18	50	155	309
18	51	60	120
18	52	103	206
18	53	43	85
18	54	60	120
18	55	45	89
18	56	152	304
18	57	46	91
18	58	45	90
18	59	42	84
18	60	46	91
18	61	191	382
18	62	96	191
18	63	193	388
18	64	226	451
18	65	228	455
18	66	269	538
18	67	234	469
18	68	160	320
18	69	226	451
18	70	44	88
18	71	60	120
18	72	47	94
18	73	44	88
18	74	168	337
19	0	12	24
19	1	161	322
19	2	76	152
19	3	63	125
19	4	82	164
19	5	60	120
19	6	83	165
19	7	76	152
19	8	88	176
19	9	102	205
19	10	88	176
19	11	22	44
19	12	93	187
19	13	22	44
19	14	40	80
19	15	55	109
19	16	42	84
19	17	46	92
19	18	55	109
19	19	0	0
19	20	77	155
19	21	0	0
19	22	54	108
19	23	161	321
19	24	49	98
19	25	87	173
19	26	32	65
19	27	10	19
19	28	41	82
19	29	48	96
19	30	32	65
19	31	22	45
19	32	66	132
19	33	99	198
19	34	31	62
19	35	66	132
19	36	47	94
19	37	93	187
19	38	68	136
19	39	75	150
19	40	47	94
19	41	125	250
19	42	57	113
19	43	125	250
19	44	22	44
19	45	67	135
19	46	33	67
19	47	115	230
19	48	55	110
19	49	122	244
19	50	115	230
19	51	37	74
19	52	52	104
19	53	83	166
19	54	37	74
19	55	92	183
19	56	160	320
19	57	13	26
19	58	14	28
19	59	20	40
19	60	13	26
19	61	163	327
19	62	82	164
19	63	167	334
19	64	172	343
19	65	174	349
19	66	215	429
19	67	180	361
19	68	106	211
19	69	172	343
19	70	49	99
19	71	72	145
19	72	44	88
19	73	49	99
19	74	116	232
20	0	76	152
20	1	214	428
20	2	17	33
20	3	33	67
20	4	61	122
20	5	18	35
20	6	19	38
20	7	17	33
20	8	120	240
20	9	135	270
20	10	120	240
20	11	56	113
20	12	44	88
20	13	56	113
20	14	97	195
20	15	131	262
20	16	91	181
20	17	123	245
20	18	131	262
20	19	77	155
20	20	0	0
20	21	77	155
20	22	88	176
20	23	227	454
20	24	30	60
20	25	89	178
20	26	97	194
20	27	78	155
20	28	77	154
20	29	70	140
20	30	97	194
20	31	84	167
20	32	125	250
20	33	163	327
20	34	67	134
20	35	125	250
20	36	79	158
20	37	91	182
20	38	13	25
20	39	147	294
20	40	79	158
20	41	195	392
20	42	122	245
20	43	195	392
20	44	88	177
20	45	110	219
20	46	53	107
20	47	109	218
20	48	79	157
20	49	152	304
20	50	109	218
20	51	98	197
20	52	31	62
20	53	150	301
20	54	98	197
20	55	168	337
20	56	211	421
20	57	89	178
20	58	90	180
20	59	90	180
20	60	89	178
20	61	133	266
20	62	127	254
20	63	173	346
20	64	95	189
20	65	97	194
20	66	140	280
20	67	103	207
20	68	36	71
20	69	95	189
20	70	109	218
20	71	125	250
20	72	102	203
20	73	109	218
20	74	40	80
21	0	12	24
21	1	161	322
21	2	76	152
21	3	63	125
21	4	82	164
21	5	60	120
21	6	83	165
21	7	76	152
21	8	88	176
21	9	102	205
21	10	88	176
21	11	22	44
21	12	93	187
21	13	22	44
21	14	40	80
21	15	55	109
21	16	42	84
21	17	46	92
21	18	55	109
21	19	0	0
21	20	77	155
21	21	0	0
21	22	54	108
21	23	161	321
21	24	49	98
21	25	87	173
21	26	32	65
21	27	10	19
21	28	41	82
21	29	48	96
21	30	32	65
21	31	22	45
21	32	66	132
21	33	99	198
21	34	31	62
21	35	66	132
21	36	47	94
21	37	93	187
21	38	68	136
21	39	75	150
21	40	47	94
21	41	125	250
21	42	57	113
21	43	125	250
21	44	22	44
21	45	67	135
21	46	33	67
21	47	115	230
21	48	55	110
21	49	122	244
21	50	115	230
21	51	37	74
21	52	52	104
21	53	83	166
21	54	37	74
21	55	92	183
21	56	160	320
21	57	13	26
21	58	14	28
21	59	20	40
21	60	13	26
21	61	163	327
21	62	82	164
21	63	167	334
21	64	172	343
21	65	174	349
21	66	215	429
21	67	180	361
21	68	106	211
21	69	172	343
21	70	49	99
21	71	72	145
21	72	44	88
21	73	49	99
21	74	116	232
22	0	42	84
22	1	126	252
22	2	97	193
22	3	57	113
22	4	122	244
22	5	75	149
22	6	103	206
22	7	97	193
22	8	36	73
22	9	52	104
22	10	36	73
22	11	50	99
22	12	76	152
22	13	50	99
22	14	25	49
22	15	89	178
22	16	96	192
22	17	83	167
22	18	89	178
22	19	54	108
22	20	88	176
22	21	54	108
22	22	0	0
22	23	142	284
22	24	73	146
22	25	38	77
22	26	85	170
22	27	63	127
22	28	93	186
22	29	18	36
22	30	85	170
22	31	33	66
22	32	41	83
22	33	79	158
22	34	80	161
22	35	41	83
22	36	10	19
22	37	45	91
22	38	75	151
22	39	74	148
22	40	10	19
22	41	115	230
22	42	46	92
22	43	115	230
22	44	37	73
22	45	22	43
22	46	40	80
22	47	66	131
22	48	11	23
22	49	71	142
22	50	66	131
22	51	29	59
22	52	80	160
22	53	128	256
22	54	29	59
22	55	107	213
22	56	123	245
22	57	51	101
22	58	51	101
22	59	72	145
22	60	51	101
22	61	205	411
22	62	39	78
22	63	113	226
22	64	169	338
22	65	175	351
22	66	202	405
22	67	179	358
22	68	99	199
22	69	169	338
22	70	102	203
22	71	125	250
22	72	97	194
22	73	102	203
22	74	127	254
23	0	156	312
23	1	51	103
23	2	232	464
23	3	198	396
23	4	242	484
23	5	211	422
23	6	238	477
23	7	232	464
23	8	124	248
23	9	117	234
23	10	124	248
23	11	175	350
23	12	217	435
23	13	175	350
23	14	130	260
23	15	133	265
23	16	187	375
23	17	137	274
23	18	133	265
23	19	161	321
23	20	227	454
23	21	161	321
23	22	142	284
23	23	0	0
23	24	205	409
23	25	165	330
23	26	169	338
23	27	167	334
23	28	195	390
23	29	159	319
23	30	169	338
23	31	146	291
23	32	102	205
23	33	64	128
23	34	190	379
23	35	102	205
23	36	150	299
23	37	170	340
23	38	215	430
23	39	87	174
23	40	150	299
23	41	39	77
23	42	106	212
23	43	39	77
23	44	142	284
23	45	122	244
23	46	174	348
23	47	176	352
23	48	153	306
23	49	117	233
23	50	176	352
23	51	129	259
23	52	210	420
23	53	164	328
23	54	129	259
23	55	93	186
23	56	60	120
23	57	148	295
23	58	147	294
23	59	163	326
23	60	148	295
23	61	320	641
23	62	107	213
23	63	168	336
23	64	311	622
23	65	317	634
23	66	341	682
23	67	321	641
23	68	241	483
23	69	311	622
23	70	176	352
23	71	192	384
23	72	178	356
23	73	176	352
23	74	267	534
24	0	50	99
24	1	197	395
24	2	28	55
24	3	34	68
24	4	51	104
24	5	14	27
24	6	34	68
24	7	28	55
24	8	108	217
24	9	124	248
24	10	108	217
24	11	30	60
24	12	61	122
24	13	30	60
24	14	75	151
24	15	102	203
24	16	62	124
24	17	93	186
24	18	102	203
24	19	49	98
24	20	30	60
24	21	49	98
24	22	73	146
24	23	205	409
24	24	0	0
24	25	87	173
24	26	67	134
24	27	48	96
24	28	49	99
24	29	56	113
24	30	67	134
24	31	59	118
24	32	104	208
24	33	141	282
24	34	38	76
24	35	104	208
24	36	63	127
24	37	91	182
24	38	24	48
24	39	122	243
24	40	63	127
24	41	171	343
24	42	99	197
24	43	171	343
24	44	63	126
24	45	94	188
24	46	33	67
24	47	112	224
24	48	66	132
24	49	142	285
24	50	112	224
24	51	76	151
24	52	7	15
24	53	121	242
24	54	76	151
24	55	141	281
24	56	195	390
24	57	61	122
24	58	62	124
24	59	60	121
24	60	61	122
24	61	134	268
24	62	111	223
24	63	173	346
24	64	124	249
24	65	126	252
24	66	170	340
24	67	133	266
24	68	63	126
24	69	124	249
24	70	80	160
24	71	97	194
24	72	73	145
24	73	80	160
24	74	67	134
25	0	75	150
25	1	138	276
25	2	103	205
25	3	57	113
25	4	138	277
25	5	82	164
25	6	108	215
25	7	103	205
25	8	41	83
25	9	53	105
25	10	41	83
25	11	74	149
25	12	59	117
25	13	74	149
25	14	63	126
25	15	127	255
25	16	127	254
25	17	121	243
25	18	127	255
25	19	87	173
25	20	89	178
25	21	87	173
25	22	38	77
25	23	165	330
25	24	87	173
25	25	0	0
25	26	119	238
25	27	95	191
25	28	120	241
25	29	39	78
25	30	119	238
25	31	69	138
25	32	74	147
25	33	106	213
25	34	107	215
25	35	74	147
25	36	41	82
25	37	7	14
25	38	78	155
25	39	109	219
25	40	41	82
25	41	144	288
25	42	82	164
25	43	144	288
25	44	73	147
25	45	47	94
25	46	60	121
25	47	29	57
25	48	32	64
25	49	66	131
25	50	29	57
25	51	67	136
25	52	94	188
25	53	165	331
25	54	67	136
25	55	144	287
25	56	132	265
25	57	86	173
25	58	87	173
25	59	106	213
25	60	86	173
25	61	219	439
25	62	59	118
25	63	87	173
25	64	151	302
25	65	159	318
25	66	177	353
25	67	161	321
25	68	86	171
25	69	151	302
25	70	136	272
25	71	159	318
25	72	130	261
25	73	136	272
25	74	121	243
26	0	44	88
26	1	179	357
26	2	90	181
26	3	91	181
26	4	78	157
26	5	80	161
26	6	96	192
26	7	90	181
26	8	117	234
26	9	130	261
26	10	117	234
26	11	50	101
26	12	122	243
26	13	50	101
26	14	67	134
26	15	41	83
26	16	18	37
26	17	34	68
26	18	41	83
26	19	32	65
26	20	97	194
26	21	32	65
26	22	85	170
26	23	169	338
26	24	67	134
26	25	119	238
26	26	0	0
26	27	25	49
26	28	28	57
26	29	80	161
26	30	0	0
26	31	52	104
26	32	87	174
26	33	113	226
26	34	31	62
26	35	87	174
26	36	79	158
26	37	125	252
26	38	90	181
26	39	83	165
26	40	79	158
26	41	131	262
26	42	74	149
26	43	131	262
26	44	49	99
26	45	95	191
26	46	64	128
26	47	147	295
26	48	87	175
26	49	150	300
26	50	147	295
26	51	63	126
26	52	67	133
26	53	54	108
26	54	63	126
26	55	86	172
26	56	179	358
26	57	35	71
26	58	35	71
26	59	13	26
26	60	35	71
26	61	152	304
26	62	108	215
26	63	198	395
26	64	191	381
26	65	192	383
26	66	237	474
26	67	199	398
26	68	129	259
26	69	191	381
26	70	17	34
26	71	40	81
26	72	12	25
26	73	17	34
26	74	131	263
27	0	21	43
27	1	169	339
27	2	74	148
27	3	67	134
27	4	75	150
27	5	60	120
27	6	80	160
27	7	74	148
27	8	98	195
27	9	112	224
27	10	98	195
27	11	26	52
27	12	98	196
27	13	26	52
27	14	49	98
27	15	54	107
27	16	33	65
27	17	45	90
27	18	54	107
27	19	10	19
27	20	78	155
27	21	10	19
27	22	63	127
27	23	167	334
27	24	48	96
27	25	95	191
27	26	25	49
27	27	0	0
27	28	31	63
27	29	56	113
27	30	25	49
27	31	32	64
27	32	75	149
27	33	106	213
27	34	23	46
27	35	75	149
27	36	56	112
27	37	101	204
27	38	69	139
27	39	81	161
27	40	56	112
27	41	131	262
27	42	64	129
27	43	131	262
27	44	31	62
27	45	77	154
27	46	39	79
27	47	123	248
27	48	64	128
27	49	132	263
27	50	123	248
27	51	46	93
27	52	50	99
27	53	77	155
27	54	46	93
27	55	94	188
27	56	169	337
27	57	20	40
27	58	21	41
27	59	13	27
27	60	20	40
27	61	155	311
27	62	91	182
27	63	176	353
27	64	172	344
27	65	174	348
27	66	216	433
27	67	181	362
27	68	108	216
27	69	172	344
27	70	41	83
27	71	64	127
27	72	35	70
27	73	41	83
27	74	115	230
28	0	52	103
28	1	200	400
28	2	67	134
28	3	80	160
28	4	50	101
28	5	63	126
28	6	72	144
28	7	67	134
28	8	128	256
28	9	143	286
28	10	128	256
28	11	46	93
28	12	110	219
28	13	46	93
28	14	80	161
28	15	69	140
28	16	14	28
28	17	62	124
28	18	69	140
28	19	41	82
28	20	77	154
28	21	41	82
28	22	93	186
28	23	195	390
28	24	49	99
28	25	120	241
28	26	28	57
28	27	31	63
28	28	0	0
28	29	83	165
28	30	28	57
28	31	63	126
28	32	105	212
28	33	136	272
28	34	14	27
28	35	105	212
28	36	84	169
28	37	126	253
28	38	73	147
28	39	108	216
28	40	84	169
28	41	158	315
28	42	95	190
28	43	158	315
28	44	62	125
28	45	108	216
28	46	61	121
28	47	148	298
28	48	92	183
28	49	163	325
28	50	148	298
28	51	77	156
28	52	46	92
28	53	76	151
28	54	77	156
28	55	114	228
28	56	199	400
28	57	51	102
28	58	51	103
28	59	32	64
28	60	51	102
28	61	126	252
28	62	122	245
28	63	204	409
28	64	168	336
28	65	168	336
28	66	216	432
28	67	176	352
28	68	112	223
28	69	168	336
28	70	34	68
28	71	48	96
28	72	27	54
28	73	34	68
28	74	107	215
29	0	36	73
29	1	144	288
29	2	79	158
29	3	39	78
29	4	107	214
29	5	57	114
29	6	85	170
29	7	79	158
29	8	52	105
29	9	68	136
29	10	52	105
29	11	37	74
29	12	61	122
29	13	37	74
29	14	34	68
29	15	92	186
29	16	88	177
29	17	85	172
29	18	92	186
29	19	48	96
29	20	70	140
29	21	48	96
29	22	18	36
29	23	159	319
29	24	56	113
29	25	39	78
29	26	80	161
29	27	56	113
29	28	83	165
29	29	0	0
29	30	80	161
29	31	32	65
29	32	57	115
29	33	96	192
29	34	69	139
29	35	57	115
29	36	10	20
29	37	45	91
29	38	57	115
29	39	87	174
29	40	10	20
29	41	131	262
29	42	59	118
29	43	131	262
29	44	37	75
29	45	40	79
29	46	24	49
29	47	67	135
29	48	10	20
29	49	86	173
29	50	67	135
29	51	38	75
29	52	63	127
29	53	128	257
29	54	38	75
29	55	117	233
29	56	141	281
29	57	49	98
29	58	50	99
29	59	67	135
29	60	49	98
29	61	190	380
29	62	57	114
29	63	122	245
29	64	153	305
29	65	158	317
29	66	188	375
29	67	162	325
29	68	83	166
29	69	153	305
29	70	97	194
29	71	120	240
29	72	91	183
29	73	97	194
29	74	109	218
30	0	44	88
30	1	179	357
30	2	90	181
30	3	91	181
30	4	78	157
30	5	80	161
30	6	96	192
30	7	90	181
30	8	117	234
30	9	130	261
30	10	117	234
30	11	50	101
30	12	122	243
30	13	50	101
30	14	67	134
30	15	41	83
30	16	18	37
30	17	34	68
30	18	41	83
30	19	32	65
30	20	97	194
30	21	32	65
30	22	85	170
30	23	169	338
30	24	67	134
30	25	119	238
30	26	0	0
30	27	25	49
30	28	28	57
30	29	80	161
30	30	0	0
30	31	52	104
30	32	87	174
30	33	113	226
30	34	31	62
30	35	87	174
30	36	79	158
30	37	125	252
30	38	90	181
30	39	83	165
30	40	79	158
30	41	131	262
30	42	74	149
30	43	131	262
30	44	49	99
30	45	95	191
30	46	64	128
30	47	147	295
30	48	87	175
30	49	150	300
30	50	147	295
30	51	63	126
30	52	67	133
30	53	54	108
30	54	63	126
30	55	86	172
30	56	179	358
30	57	35	71
30	58	35	71
30	59	13	26
30	60	35	71
30	61	152	304
30	62	108	215
30	63	198	395
30	64	191	381
30	65	192	383
30	66	237	474
30	67	199	398
30	68	129	259
30	69	191	381
30	70	17	34
30	71	40	81
30	72	12	25
30	73	17	34
30	74	131	263
31	0	12	24
31	1	141	283
31	2	86	173
31	3	60	121
31	4	101	201
31	5	67	133
31	6	93	186
31	7	86	173
31	8	66	132
31	9	80	161
31	10	66	132
31	11	29	59
31	12	89	178
31	13	29	59
31	14	18	37
31	15	60	121
31	16	64	128
31	17	53	107
31	18	60	121
31	19	22	45
31	20	84	167
31	21	22	45
31	22	33	66
31	23	146	291
31	24	59	118
31	25	69	138
31	26	52	104
31	27	32	64
31	28	63	126
31	29	32	65
31	30	52	104
31	31	0	0
31	32	46	92
31	33	82	164
31	34	52	104
31	35	46	92
31	36	28	56
31	37	76	152
31	38	72	144
31	39	64	127
31	40	28	56
31	41	113	225
31	42	40	79
31	43	113	225
31	44	5	11
31	45	45	91
31	46	31	62
31	47	97	195
31	48	37	74
31	49	100	200
31	50	97	195
31	51	17	34
31	52	64	129
31	53	97	193
31	54	17	34
31	55	88	176
31	56	140	280
31	57	18	35
31	58	18	36
31	59	39	79
31	60	18	35
31	61	183	367
31	62	60	120
31	63	146	291
31	64	175	350
31	65	179	358
31	66	214	428
31	67	184	368
31	68	106	212
31	69	175	350
31	70	69	137
31	71	92	184
31	72	64	128
31	73	69	137
31	74	124	247
32	0	57	115
32	1	95	191
32	2	130	261
32	3	96	192
32	4	146	293
32	5	109	218
32	6	137	274
32	7	130	261
32	8	43	87
32	9	51	102
32	10	43	87
32	11	75	150
32	12	117	235
32	13	75	150
32	14	29	57
32	15	71	142
32	16	103	207
32	17	69	138
32	18	71	142
32	19	66	132
32	20	125	250
32	21	66	132
32	22	41	83
32	23	102	205
32	24	104	208
32	25	74	147
32	26	87	174
32	27	75	149
32	28	105	212
32	29	57	115
32	30	87	174
32	31	46	92
32	32	0	0
32	33	39	77
32	34	97	193
32	35	0	0
32	36	48	95
32	37	80	160
32	38	113	225
32	39	37	73
32	40	48	95
32	41	74	148
32	42	14	29
32	43	74	148
32	44	44	88
32	45	27	53
32	46	72	144
32	47	95	191
32	48	52	105
32	49	68	136
32	50	95	191
32	51	29	59
32	52	110	219
32	53	114	227
32	54	29	59
32	55	72	145
32	56	94	188
32	57	55	110
32	58	54	109
32	59	76	153
32	60	55	110
32	61	229	458
32	62	25	50
32	63	124	248
32	64	210	420
32	65	215	431
32	66	243	487
32	67	219	439
32	68	140	280
32	69	210	420
32	70	101	202
32	71	123	247
32	72	99	198
32	73	101	202
32	74	165	329
33	0	93	186
33	1	66	133
33	2	168	336
33	3	134	269
33	4	181	362
33	5	147	294
33	6	175	349
33	7	168	336
33	8	68	136
33	9	67	134
33	10	68	136
33	11	111	223
33	12	155	310
33	13	111	223
33	14	66	132
33	15	84	168
33	16	131	262
33	17	86	171
33	18	84	168
33	19	99	198
33	20	163	327
33	21	99	198
33	22	79	158
33	23	64	128
33	24	141	282
33	25	106	213
33	26	113	226
33	27	106	213
33	28	136	272
33	29	96	192
33	30	113	226
33	31	82	164
33	32	39	77
33	33	0	0
33	34	129	258
33	35	39	77
33	36	86	172
33	37	112	225
33	38	151	302
33	39	33	66
33	40	86	172
33	41	38	75
33	42	43	86
33	43	38	75
33	44	79	158
33	45	61	121
33	46	110	220
33	47	123	246
33	48	90	181
33	49	76	153
33	50	123	246
33	51	66	131
33	52	146	293
33	53	124	248
33	54	66	131
33	55	62	123
33	56	68	137
33	57	86	173
33	58	86	172
33	59	105	209
33	60	86	173
33	61	261	523
33	62	48	96
33	63	135	270
33	64	248	496
33	65	254	508
33	66	281	561
33	67	258	516
33	68	178	357
33	69	248	496
33	70	123	247
33	71	143	286
33	72	123	247
33	73	123	247
33	74	203	406
34	0	40	81
34	1	192	384
34	2	59	119
34	3	67	134
34	4	53	105
34	5	52	103
34	6	65	130
34	7	59	119
34	8	116	233
34	9	131	263
34	10	116	233
34	11	33	66
34	12	97	194
34	13	33	66
34	14	70	141
34	15	70	141
34	16	24	48
34	17	62	124
34	18	70	141
34	19	31	62
34	20	67	134
34	21	31	62
34	22	80	161
34	23	190	379
34	24	38	76
34	25	107	215
34	26	31	62
34	27	23	46
34	28	14	27
34	29	69	139
34	30	31	62
34	31	52	104
34	32	97	193
34	33	129	258
34	34	0	0
34	35	97	193
34	36	72	144
34	37	113	226
34	38	62	124
34	39	103	206
34	40	72	144
34	41	153	307
34	42	87	174
34	43	153	307
34	44	53	105
34	45	97	194
34	46	47	94
34	47	135	271
34	48	79	157
34	49	151	302
34	50	135	271
34	51	68	136
34	52	36	73
34	53	83	167
34	54	68	136
34	55	113	227
34	56	191	381
34	57	43	86
34	58	43	87
34	59	29	58
34	60	43	86
34	61	133	265
34	62	112	224
34	63	191	383
34	64	160	320
34	65	161	322
34	66	207	414
34	67	168	337
34	68	101	202
34	69	160	320
34	70	42	84
34	71	59	119
34	72	35	69
34	73	42	84
34	74	100	201
35	0	57	115
35	1	95	191
35	2	130	261
35	3	96	192
35	4	146	293
35	5	109	218
35	6	137	274
35	7	130	261
35	8	43	87
35	9	51	102
35	10	43	87
35	11	75	150
35	12	117	235
35	13	75	150
35	14	29	57
35	15	71	142
35	16	103	207
35	17	69	138
35	18	71	142
35	19	66	132
35	20	125	250
35	21	66	132
35	22	41	83
35	23	102	205
35	24	104	208
35	25	74	147
35	26	87	174
35	27	75	149
35	28	105	212
35	29	57	115
35	30	87	174
35	31	46	92
35	32	0	0
35	33	39	77
35	34	97	193
35	35	0	0
35	36	48	95
35	37	80	160
35	38	113	225
35	39	37	73
35	40	48	95
35	41	74	148
35	42	14	29
35	43	74	148
35	44	44	88
35	45	27	53
35	46	72	144
35	47	95	191
35	48	52	105
35	49	68	136
35	50	95	191
35	51	29	59
35	52	110	219
35	53	114	227
35	54	29	59
35	55	72	145
35	56	94	188
35	57	55	110
35	58	54	109
35	59	76	153
35	60	55	110
35	61	229	458
35	62	25	50
35	63	124	248
35	64	210	420
35	65	215	431
35	66	243	487
35	67	219	439
35	68	140	280
35	69	210	420
35	70	101	202
35	71	123	247
35	72	99	198
35	73	101	202
35	74	165	329
36	0	35	70
36	1	135	271
36	2	87	174
36	3	49	97
36	4	113	225
36	5	65	130
36	6	93	187
36	7	87	174
36	8	46	92
36	9	61	123
36	10	46	92
36	11	40	81
36	12	71	141
36	13	40	81
36	14	25	51
36	15	87	174
36	16	89	177
36	17	80	161
36	18	87	174
36	19	47	94
36	20	79	158
36	21	47	94
36	22	10	19
36	23	150	299
36	24	63	127
36	25	41	82
36	26	79	158
36	27	56	112
36	28	84	169
36	29	10	20
36	30	79	158
36	31	28	56
36	32	48	95
36	33	86	172
36	34	72	144
36	35	48	95
36	36	0	0
36	37	48	96
36	38	67	133
36	39	78	156
36	40	0	0
36	41	121	243
36	42	50	99
36	43	121	243
36	44	32	65
36	45	31	62
36	46	30	61
36	47	70	139
36	48	9	19
36	49	81	161
36	50	70	139
36	51	29	59
36	52	70	141
36	53	124	249
36	54	29	59
36	55	108	217
36	56	132	264
36	57	45	91
36	58	46	91
36	59	66	132
36	60	45	91
36	61	196	392
36	62	48	97
36	63	120	241
36	64	162	325
36	65	168	336
36	66	197	394
36	67	172	344
36	68	93	185
36	69	162	325
36	70	96	191
36	71	119	238
36	72	91	181
36	73	96	191
36	74	118	237
37	0	81	164
37	1	141	282
37	2	105	210
37	3	59	119
37	4	142	285
37	5	85	170
37	6	110	220
37	7	105	210
37	8	46	92
37	9	56	111
37	10	46	92
37	11	80	161
37	12	58	115
37	13	80	161
37	14	70	140
37	15	134	269
37	16	133	267
37	17	128	257
37	18	134	269
37	19	93	187
37	20	91	182
37	21	93	187
37	22	45	91
37	23	170	340
37	24	91	182
37	25	7	14
37	26	125	252
37	27	101	204
37	28	126	253
37	29	45	91
37	30	125	252
37	31	76	152
37	32	80	160
37	33	112	225
37	34	113	226
37	35	80	160
37	36	48	96
37	37	0	0
37	38	80	160
37	39	116	233
37	40	48	96
37	41	150	300
37	42	89	178
37	43	150	300
37	44	80	161
37	45	54	107
37	46	66	132
37	47	22	45
37	48	39	78
37	49	67	134
37	50	22	45
37	51	74	150
37	52	98	196
37	53	172	345
37	54	74	150
37	55	151	301
37	56	135	271
37	57	93	187
37	58	94	187
37	59	112	226
37	60	93	187
37	61	222	445
37	62	65	129
37	63	83	165
37	64	148	297
37	65	157	314
37	66	172	344
37	67	158	316
37	68	85	169
37	69	148	297
37	70	142	285
37	71	165	331
37	72	136	274
37	73	142	285
37	74	122	243
38	0	65	130
38	1	201	403
38	2	25	50
38	3	21	42
38	4	66	133
38	5	11	21
38	6	30	60
38	7	25	50
38	8	108	215
38	9	123	245
38	10	108	215
38	11	46	92
38	12	39	78
38	13	46	92
38	14	85	170
38	15	122	245
38	16	86	172
38	17	114	228
38	18	122	245
38	19	68	136
38	20	13	25
38	21	68	136
38	22	75	151
38	23	215	430
38	24	24	48
38	25	78	155
38	26	90	181
38	27	69	139
38	28	73	147
38	29	57	115
38	30	90	181
38	31	72	144
38	32	113	225
38	33	151	302
38	34	62	124
38	35	113	225
38	36	67	133
38	37	80	160
38	38	0	0
38	39	135	271
38	40	67	133
38	41	183	368
38	42	110	221
38	43	183	368
38	44	77	154
38	45	97	194
38	46	41	83
38	47	99	198
38	48	66	132
38	49	140	279
38	50	99	198
38	51	86	173
38	52	28	56
38	53	144	289
38	54	86	173
38	55	158	316
38	56	198	396
38	57	79	157
38	58	80	159
38	59	82	165
38	60	79	157
38	61	143	286
38	62	114	229
38	63	162	325
38	64	104	208
38	65	107	214
38	66	147	294
38	67	113	226
38	68	39	78
38	69	104	208
38	70	104	208
38	71	121	242
38	72	97	193
38	73	104	208
38	74	52	104
39	0	72	144
39	1	99	198
39	2	149	298
39	3	122	245
39	4	155	311
39	5	130	260
39	6	156	311
39	7	149	298
39	8	79	159
39	9	84	169
39	10	79	159
39	11	92	183
39	12	148	296
39	13	92	183
39	14	53	106
39	15	51	102
39	16	101	202
39	17	53	106
39	18	51	102
39	19	75	150
39	20	147	294
39	21	75	150
39	22	74	148
39	23	87	174
39	24	122	243
39	25	109	219
39	26	83	165
39	27	81	161
39	28	108	216
39	29	87	174
39	30	83	165
39	31	64	127
39	32	37	73
39	33	33	66
39	34	103	206
39	35	37	73
39	36	78	156
39	37	116	233
39	38	135	271
39	39	0	0
39	40	78	156
39	41	50	101
39	42	28	57
39	43	50	101
39	44	59	118
39	45	63	126
39	46	94	189
39	47	132	264
39	48	85	170
39	49	99	198
39	50	132	264
39	51	50	100
39	52	126	252
39	53	91	182
39	54	50	100
39	55	36	72
39	56	101	203
39	57	62	124
39	58	61	122
39	59	76	152
39	60	62	124
39	61	234	467
39	62	59	118
39	63	157	314
39	64	237	475
39	65	242	485
39	66	275	549
39	67	247	494
39	68	168	336
39	69	237	475
39	70	91	183
39	71	110	221
39	72	92	185
39	73	91	183
39	74	187	374
40	0	35	70
40	1	135	271
40	2	87	174
40	3	49	97
40	4	113	225
40	5	65	130
40	6	93	187
40	7	87	174
40	8	46	92
40	9	61	123
40	10	46	92
40	11	40	81
40	12	71	141
40	13	40	81
40	14	25	51
40	15	87	174
40	16	89	177
40	17	80	161
40	18	87	174
40	19	47	94
40	20	79	158
40	21	47	94
40	22	10	19
40	23	150	299
40	24	63	127
40	25	41	82
40	26	79	158
40	27	56	112
40	28	84	169
40	29	10	20
40	30	79	158
40	31	28	56
40	32	48	95
40	33	86	172
40	34	72	144
40	35	48	95
40	36	0	0
40	37	48	96
40	38	67	133
40	39	78	156
40	40	0	0
40	41	121	243
40	42	50	99
40	43	121	243
40	44	32	65
40	45	31	62
40	46	30	61
40	47	70	139
40	48	9	19
40	49	81	161
40	50	70	139
40	51	29	59
40	52	70	141
40	53	124	249
40	54	29	59
40	55	108	217
40	56	132	264
40	57	45	91
40	58	46	91
40	59	66	132
40	60	45	91
40	61	196	392
40	62	48	97
40	63	120	241
40	64	162	325
40	65	168	336
40	66	197	394
40	67	172	344
40	68	93	185
40	69	162	325
40	70	96	191
40	71	119	238
40	72	91	181
40	73	96	191
40	74	118	237
41	0	122	244
41	1	70	141
41	2	198	398
41	3	169	338
41	4	205	412
41	5	179	358
41	6	205	411
41	7	198	398
41	8	106	211
41	9	103	207
41	10	106	211
41	11	141	283
41	12	191	382
41	13	141	283
41	14	99	198
41	15	94	188
41	16	149	299
41	17	99	198
41	18	94	188
41	19	125	250
41	20	195	392
41	21	125	250
41	22	115	230
41	23	39	77
41	24	171	343
41	25	144	288
41	26	131	262
41	27	131	262
41	28	158	315
41	29	131	262
41	30	131	262
41	31	113	225
41	32	74	148
41	33	38	75
41	34	153	307
41	35	74	148
41	36	121	243
41	37	150	300
41	38	183	368
41	39	50	101
41	40	121	243
41	41	0	0
41	42	73	147
41	43	0	0
41	44	108	217
41	45	98	196
41	46	142	285
41	47	161	321
41	48	126	253
41	49	110	219
41	50	161	321
41	51	97	195
41	52	176	352
41	53	126	252
41	54	97	195
41	55	55	110
41	56	77	153
41	57	112	224
41	58	111	223
41	59	126	252
41	60	112	224
41	61	283	566
41	62	86	171
41	63	167	333
41	64	283	567
41	65	289	578
41	66	317	635
41	67	293	587
41	68	214	428
41	69	283	567
41	70	138	275
41	71	154	307
41	72	140	280
41	73	138	275
41	74	235	472
42	0	50	101
42	1	105	210
42	2	126	252
42	3	96	191
42	4	138	277
42	5	106	212
42	6	133	265
42	7	126	252
42	8	56	113
42	9	65	130
42	10	56	113
42	11	69	138
42	12	120	240
42	13	69	138
42	14	26	51
42	15	57	114
42	16	91	183
42	17	55	109
42	18	57	114
42	19	57	113
42	20	122	245
42	21	57	113
42	22	46	92
42	23	106	212
42	24	99	197
42	25	82	164
42	26	74	149
42	27	64	129
42	28	95	190
42	29	59	118
42	30	74	149
42	31	40	79
42	32	14	29
42	33	43	86
42	34	87	174
42	35	14	29
42	36	50	99
42	37	89	178
42	38	110	221
42	39	28	57
42	40	50	99
42	41	73	147
42	42	0	0
42	43	73	147
42	44	36	73
42	45	37	74
42	46	69	138
42	47	106	212
42	48	57	113
42	49	82	165
42	50	106	212
42	51	24	48
42	52	104	208
42	53	100	199
42	54	24	48
42	55	62	123
42	56	105	210
42	57	44	89
42	58	44	88
42	59	64	129
42	60	44	89
42	61	219	439
42	62	39	78
42	63	138	275
42	64	211	421
42	65	216	431
42	66	247	493
42	67	220	440
42	68	141	282
42	69	211	421
42	70	88	175
42	71	110	219
42	72	86	172
42	73	88	175
42	74	162	325
43	0	122	244
43	1	70	141
43	2	198	398
43	3	169	338
43	4	205	412
43	5	179	358
43	6	205	411
43	7	198	398
43	8	106	211
43	9	103	207
43	10	106	211
43	11	141	283
43	12	191	382
43	13	141	283
43	14	99	198
43	15	94	188
43	16	149	299
43	17	99	198
43	18	94	188
43	19	125	250
43	20	195	392
43	21	125	250
43	22	115	230
43	23	39	77
43	24	171	343
43	25	144	288
43	26	131	262
43	27	131	262
43	28	158	315
43	29	131	262
43	30	131	262
43	31	113	225
43	32	74	148
43	33	38	75
43	34	153	307
43	35	74	148
43	36	121	243
43	37	150	300
43	38	183	368
43	39	50	101
43	40	121	243
43	41	0	0
43	42	73	147
43	43	0	0
43	44	108	217
43	45	98	196
43	46	142	285
43	47	161	321
43	48	126	253
43	49	110	219
43	50	161	321
43	51	97	195
43	52	176	352
43	53	126	252
43	54	97	195
43	55	55	110
43	56	77	153
43	57	112	224
43	58	111	223
43	59	126	252
43	60	112	224
43	61	283	566
43	62	86	171
43	63	167	333
43	64	283	567
43	65	289	578
43	66	317	635
43	67	293	587
43	68	214	428
43	69	283	567
43	70	138	275
43	71	154	307
43	72	140	280
43	73	138	275
43	74	235	472
44	0	14	28
44	1	139	279
44	2	90	181
44	3	65	131
44	4	103	205
44	5	71	142
44	6	97	194
44	7	90	181
44	8	68	136
44	9	82	163
44	10	68	136
44	11	33	66
44	12	94	188
44	13	33	66
44	14	18	36
44	15	55	111
44	16	63	125
44	17	48	97
44	18	55	111
44	19	22	44
44	20	88	177
44	21	22	44
44	22	37	73
44	23	142	284
44	24	63	126
44	25	73	147
44	26	49	99
44	27	31	62
44	28	62	125
44	29	37	75
44	30	49	99
44	31	5	11
44	32	44	88
44	33	79	158
44	34	53	105
44	35	44	88
44	36	32	65
44	37	80	161
44	38	77	154
44	39	59	118
44	40	32	65
44	41	108	217
44	42	36	73
44	43	108	217
44	44	0	0
44	45	47	93
44	46	36	72
44	47	102	203
44	48	41	83
44	49	101	202
44	50	102	203
44	51	15	31
44	52	68	136
44	53	92	184
44	54	15	31
44	55	83	166
44	56	138	276
44	57	14	28
44	58	14	28
44	59	37	74
44	60	14	28
44	61	185	370
44	62	60	120
44	63	149	297
44	64	180	360
44	65	184	368
44	66	219	439
44	67	189	378
44	68	111	222
44	69	180	360
44	70	66	131
44	71	89	178
44	72	61	123
44	73	66	131
44	74	128	256
45	0	57	113
45	1	105	209
45	2	118	236
45	3	78	156
45	4	142	284
45	5	96	192
45	6	124	249
45	7	118	236
45	8	22	44
45	9	35	70
45	10	22	44
45	11	68	137
45	12	95	191
45	13	68	137
45	14	29	58
45	15	90	181
45	16	109	218
45	17	86	172
45	18	90	181
45	19	67	135
45	20	110	219
45	21	67	135
45	22	22	43
45	23	122	244
45	24	94	188
45	25	47	94
45	26	95	191
45	27	77	154
45	28	108	216
45	29	40	79
45	30	95	191
45	31	45	91
45	32	27	53
45	33	61	121
45	34	97	194
45	35	27	53
45	36	31	62
45	37	54	107
45	38	97	194
45	39	63	126
45	40	31	62
45	41	98	196
45	42	37	74
45	43	98	196
45	44	47	93
45	45	0	0
45	46	61	121
45	47	69	138
45	48	32	64
45	49	55	109
45	50	69	138
45	51	33	66
45	52	101	201
45	53	132	264
45	54	33	66
45	55	98	196
45	56	101	202
45	57	60	121
45	58	60	121
45	59	83	167
45	60	60	121
45	61	225	451
45	62	18	35
45	63	104	208
45	64	189	378
45	65	196	391
45	66	220	440
45	67	199	398
45	68	120	240
45	69	189	378
45	70	111	223
45	71	135	270
45	72	107	216
45	73	111	223
45	74	148	296
46	0	26	52
46	1	164	329
46	2	59	117
46	3	30	60
46	4	83	165
46	5	37	74
46	6	65	130
46	7	59	117
46	8	76	152
46	9	91	183
46	10	76	152
46	11	15	29
46	12	60	121
46	13	15	29
46	14	44	88
46	15	87	173
46	16	68	136
46	17	78	157
46	18	87	173
46	19	33	67
46	20	53	107
46	21	33	67
46	22	40	80
46	23	174	348
46	24	33	67
46	25	60	121
46	26	64	128
46	27	39	79
46	28	61	121
46	29	24	49
46	30	64	128
46	31	31	62
46	32	72	144
46	33	110	220
46	34	47	94
46	35	72	144
46	36	30	61
46	37	66	132
46	38	41	83
46	39	94	189
46	40	30	61
46	41	142	285
46	42	69	138
46	43	142	285
46	44	36	72
46	45	61	121
46	46	0	0
46	47	88	177
46	48	34	68
46	49	110	221
46	50	88	177
46	51	45	90
46	52	40	80
46	53	116	233
46	54	45	90
46	55	119	237
46	56	162	323
46	57	41	82
46	58	42	83
46	59	52	105
46	60	41	82
46	61	166	332
46	62	78	156
46	63	146	292
46	64	144	288
46	65	148	296
46	66	184	368
46	67	153	306
46	68	75	151
46	69	144	288
46	70	80	161
46	71	102	205
46	72	74	148
46	73	80	161
46	74	93	187
47	0	103	207
47	1	142	284
47	2	124	248
47	3	79	158
47	4	163	326
47	5	105	210
47	6	128	256
47	7	124	248
47	8	55	110
47	9	59	119
47	10	55	110
47	11	102	205
47	12	71	141
47	13	102	205
47	14	90	180
47	15	155	309
47	16	155	311
47	17	149	298
47	18	155	309
47	19	115	230
47	20	109	218
47	21	115	230
47	22	66	131
47	23	176	352
47	24	112	224
47	25	29	57
47	26	147	295
47	27	123	248
47	28	148	298
47	29	67	135
47	30	147	295
47	31	97	195
47	32	95	191
47	33	123	246
47	34	135	271
47	35	95	191
47	36	70	139
47	37	22	45
47	38	99	198
47	39	132	264
47	40	70	139
47	41	161	321
47	42	106	212
47	43	161	321
47	44	102	203
47	45	69	138
47	46	88	177
47	47	0	0
47	48	61	121
47	49	64	128
47	50	0	0
47	51	95	190
47	52	119	238
47	53	194	387
47	54	95	190
47	55	167	334
47	56	135	270
47	57	115	230
47	58	115	230
47	59	134	270
47	60	115	230
47	61	242	484
47	62	76	151
47	63	64	128
47	64	154	309
47	65	164	328
47	66	172	343
47	67	164	328
47	68	97	193
47	69	154	309
47	70	164	329
47	71	187	375
47	72	158	318
47	73	164	329
47	74	136	271
48	0	43	87
48	1	136	272
48	2	88	176
48	3	46	93
48	4	117	233
48	5	66	132
48	6	94	188
48	7	88	176
48	8	43	85
48	9	58	116
48	10	43	85
48	11	46	92
48	12	65	130
48	13	46	92
48	14	34	67
48	15	96	192
48	16	97	193
48	17	89	179
48	18	96	192
48	19	55	110
48	20	79	157
48	21	55	110
48	22	11	23
48	23	153	306
48	24	66	132
48	25	32	64
48	26	87	175
48	27	64	128
48	28	92	183
48	29	10	20
48	30	87	175
48	31	37	74
48	32	52	105
48	33	90	181
48	34	79	157
48	35	52	105
48	36	9	19
48	37	39	78
48	38	66	132
48	39	85	170
48	40	9	19
48	41	126	253
48	42	57	113
48	43	126	253
48	44	41	83
48	45	32	64
48	46	34	68
48	47	61	121
48	48	0	0
48	49	77	153
48	50	61	121
48	51	38	76
48	52	73	147
48	53	133	267
48	54	38	76
48	55	117	233
48	56	132	265
48	57	54	109
48	58	55	110
48	59	74	149
48	60	54	109
48	61	200	400
48	62	49	98
48	63	113	226
48	64	158	316
48	65	164	328
48	66	191	382
48	67	168	335
48	68	88	177
48	69	158	316
48	70	104	208
48	71	127	255
48	72	99	198
48	73	104	208
48	74	116	233
49	0	111	222
49	1	78	156
49	2	164	327
49	3	119	237
49	4	193	386
49	5	142	283
49	6	169	338
49	7	164	327
49	8	35	70
49	9	20	39
49	10	35	70
49	11	121	241
49	12	124	248
49	13	121	241
49	14	83	167
49	15	139	278
49	16	164	327
49	17	137	274
49	18	139	278
49	19	122	244
49	20	152	304
49	21	122	244
49	22	71	142
49	23	117	233
49	24	142	285
49	25	66	131
49	26	150	300
49	27	132	263
49	28	163	325
49	29	86	173
49	30	150	300
49	31	100	200
49	32	68	136
49	33	76	153
49	34	151	302
49	35	68	136
49	36	81	161
49	37	67	134
49	38	140	279
49	39	99	198
49	40	81	161
49	41	110	219
49	42	82	165
49	43	110	219
49	44	101	202
49	45	55	109
49	46	110	221
49	47	64	128
49	48	77	153
49	49	0	0
49	50	64	128
49	51	87	175
49	52	149	300
49	53	182	363
49	54	87	175
49	55	134	268
49	56	71	142
49	57	115	230
49	58	115	230
49	59	138	276
49	60	115	230
49	61	276	553
49	62	44	88
49	63	59	117
49	64	215	430
49	65	224	448
49	66	236	471
49	67	225	449
49	68	151	302
49	69	215	430
49	70	165	331
49	71	189	378
49	72	162	325
49	73	165	331
49	74	186	373
50	0	103	207
50	1	142	284
50	2	124	248
50	3	79	158
50	4	163	326
50	5	105	210
50	6	128	256
50	7	124	248
50	8	55	110
50	9	59	119
50	10	55	110
50	11	102	205
50	12	71	141
50	13	102	205
50	14	90	180
50	15	155	309
50	16	155	311
50	17	149	298
50	18	155	309
50	19	115	230
50	20	109	218
50	21	115	230
50	22	66	131
50	23	176	352
50	24	112	224
50	25	29	57
50	26	147	295
50	27	123	248
50	28	148	298
50	29	67	135
50	30	147	295
50	31	97	195
50	32	95	191
50	33	123	246
50	34	135	271
50	35	95	191
50	36	70	139
50	37	22	45
50	38	99	198
50	39	132	264
50	40	70	139
50	41	161	321
50	42	106	212
50	43	161	321
50	44	102	203
50	45	69	138
50	46	88	177
50	47	0	0
50	48	61	121
50	49	64	128
50	50	0	0
50	51	95	190
50	52	119	238
50	53	194	387
50	54	95	190
50	55	167	334
50	56	135	270
50	57	115	230
50	58	115	230
50	59	134	270
50	60	115	230
50	61	242	484
50	62	76	151
50	63	64	128
50	64	154	309
50	65	164	328
50	66	172	343
50	67	164	328
50	68	97	193
50	69	154	309
50	70	164	329
50	71	187	375
50	72	158	318
50	73	164	329
50	74	136	271
51	0	28	57
51	1	124	249
51	2	103	205
51	3	72	145
51	4	117	235
51	5	82	164
51	6	109	218
51	7	103	205
51	8	55	110
51	9	68	136
51	10	55	110
51	11	46	92
51	12	98	197
51	13	46	92
51	14	5	10
51	15	60	120
51	16	77	154
51	17	55	109
51	18	60	120
51	19	37	74
51	20	98	197
51	21	37	74
51	22	29	59
51	23	129	259
51	24	76	151
51	25	67	136
51	26	63	126
51	27	46	93
51	28	77	156
51	29	38	75
51	30	63	126
51	31	17	34
51	32	29	59
51	33	66	131
51	34	68	136
51	35	29	59
51	36	29	59
51	37	74	150
51	38	86	173
51	39	50	100
51	40	29	59
51	41	97	195
51	42	24	48
51	43	97	195
51	44	15	31
51	45	33	66
51	46	45	90
51	47	95	190
51	48	38	76
51	49	87	175
51	50	95	190
51	51	0	0
51	52	81	162
51	53	100	200
51	54	0	0
51	55	79	158
51	56	123	246
51	57	28	56
51	58	28	55
51	59	51	101
51	60	28	56
51	61	200	400
51	62	45	90
51	63	137	274
51	64	187	375
51	65	192	385
51	66	225	450
51	67	197	394
51	68	118	236
51	69	187	375
51	70	78	157
51	71	102	204
51	72	75	150
51	73	78	157
51	74	138	277
52	0	54	108
52	1	204	408
52	2	24	49
52	3	41	82
52	4	44	89
52	5	18	35
52	6	31	61
52	7	24	49
52	8	115	231
52	9	131	262
52	10	115	231
52	11	35	70
52	12	66	133
52	13	35	70
52	14	81	162
52	15	103	206
52	16	60	119
52	17	95	189
52	18	103	206
52	19	52	104
52	20	31	62
52	21	52	104
52	22	80	160
52	23	210	420
52	24	7	15
52	25	94	188
52	26	67	133
52	27	50	99
52	28	46	92
52	29	63	127
52	30	67	133
52	31	64	129
52	32	110	219
52	33	146	293
52	34	36	73
52	35	110	219
52	36	70	141
52	37	98	196
52	38	28	56
52	39	126	252
52	40	70	141
52	41	176	352
52	42	104	208
52	43	176	352
52	44	68	136
52	45	101	201
52	46	40	80
52	47	119	238
52	48	73	147
52	49	149	300
52	50	119	238
52	51	81	162
52	52	0	0
52	53	119	240
52	54	81	162
52	55	143	286
52	56	201	402
52	57	65	129
52	58	66	131
52	59	61	122
52	60	65	129
52	61	127	253
52	62	118	236
52	63	180	361
52	64	124	248
52	65	125	250
52	66	171	341
52	67	132	265
52	68	66	131
52	69	124	248
52	70	78	157
52	71	94	188
52	72	71	142
52	73	78	157
52	74	65	131
53	0	93	185
53	1	189	377
53	2	142	284
53	3	144	288
53	4	121	242
53	5	134	269
53	6	148	295
53	7	142	284
53	8	153	307
53	9	164	328
53	10	153	307
53	11	103	207
53	12	175	350
53	13	103	207
53	14	105	210
53	15	43	85
53	16	62	123
53	17	46	92
53	18	43	85
53	19	83	166
53	20	150	301
53	21	83	166
53	22	128	256
53	23	164	328
53	24	121	242
53	25	165	331
53	26	54	108
53	27	77	155
53	28	76	151
53	29	128	257
53	30	54	108
53	31	97	193
53	32	114	227
53	33	124	248
53	34	83	167
53	35	114	227
53	36	124	249
53	37	172	345
53	38	144	289
53	39	91	182
53	40	124	249
53	41	126	252
53	42	100	199
53	43	126	252
53	44	92	184
53	45	132	264
53	46	116	233
53	47	194	387
53	48	133	267
53	49	182	363
53	50	194	387
53	51	100	200
53	52	119	240
53	53	0	0
53	54	100	200
53	55	71	142
53	56	192	383
53	57	79	159
53	58	79	158
53	59	64	128
53	60	79	159
53	61	177	355
53	62	138	276
53	63	235	472
53	64	243	486
53	65	244	487
53	66	290	581
53	67	251	502
53	68	183	367
53	69	243	486
53	70	42	83
53	71	38	75
53	72	49	98
53	73	42	83
53	74	183	366
54	0	28	57
54	1	124	249
54	2	103	205
54	3	72	145
54	4	117	235
54	5	82	164
54	6	109	218
54	7	103	205
54	8	55	110
54	9	68	136
54	10	55	110
54	11	46	92
54	12	98	197
54	13	46	92
54	14	5	10
54	15	60	120
54	16	77	154
54	17	55	109
54	18	60	120
54	19	37	74
54	20	98	197
54	21	37	74
54	22	29	59
54	23	129	259
54	24	76	151
54	25	67	136
54	26	63	126
54	27	46	93
54	28	77	156
54	29	38	75
54	30	63	126
54	31	17	34
54	32	29	59
54	33	66	131
54	34	68	136
54	35	29	59
54	36	29	59
54	37	74	150
54	38	86	173
54	39	50	100
54	40	29	59
54	41	97	195
54	42	24	48
54	43	97	195
54	44	15	31
54	45	33	66
54	46	45	90
54	47	95	190
54	48	38	76
54	49	87	175
54	50	95	190
54	51	0	0
54	52	81	162
54	53	100	200
54	54	0	0
54	55	79	158
54	56	123	246
54	57	28	56
54	58	28	55
54	59	51	101
54	60	28	56
54	61	200	400
54	62	45	90
54	63	137	274
54	64	187	375
54	65	192	385
54	66	225	450
54	67	197	394
54	68	118	236
54	69	187	375
54	70	78	157
54	71	102	204
54	72	75	150
54	73	78	157
54	74	138	277
55	0	93	187
55	1	121	242
55	2	167	335
55	3	148	297
55	4	164	329
55	5	151	302
55	6	174	347
55	7	167	335
55	8	115	231
55	9	120	241
55	10	115	231
55	11	112	224
55	12	177	353
55	13	112	224
55	14	83	166
55	15	45	89
55	16	103	206
55	17	52	104
55	18	45	89
55	19	92	183
55	20	168	337
55	21	92	183
55	22	107	213
55	23	93	186
55	24	141	281
55	25	144	287
55	26	86	172
55	27	94	188
55	28	114	228
55	29	117	233
55	30	86	172
55	31	88	176
55	32	72	145
55	33	62	123
55	34	113	227
55	35	72	145
55	36	108	217
55	37	151	301
55	38	158	316
55	39	36	72
55	40	108	217
55	41	55	110
55	42	62	123
55	43	55	110
55	44	83	166
55	45	98	196
55	46	119	237
55	47	167	334
55	48	117	233
55	49	134	268
55	50	167	334
55	51	79	158
55	52	143	286
55	53	71	142
55	54	79	158
55	55	0	0
55	56	125	251
55	57	80	159
55	58	79	158
55	59	85	169
55	60	80	159
55	61	236	471
55	62	95	190
55	63	192	385
55	64	262	524
55	65	265	530
55	66	302	604
55	67	271	542
55	68	194	388
55	69	262	524
55	70	88	176
55	71	101	201
55	72	92	183
55	73	88	176
55	74	208	415
56	0	151	303
56	1	9	18
56	2	219	438
56	3	178	357
56	4	240	481
56	5	197	394
56	6	225	451
56	7	219	438
56	8	93	185
56	9	80	160
56	10	93	185
56	11	167	335
56	12	190	380
56	13	167	335
56	14	122	243
56	15	152	304
56	16	196	392
56	17	154	307
56	18	152	304
56	19	160	320
56	20	211	421
56	21	160	320
56	22	123	245
56	23	60	120
56	24	195	390
56	25	132	265
56	26	179	358
56	27	169	337
56	28	199	400
56	29	141	281
56	30	179	358
56	31	140	280
56	32	94	188
56	33	68	137
56	34	191	381
56	35	94	188
56	36	132	264
56	37	135	271
56	38	198	396
56	39	101	203
56	40	132	264
56	41	77	153
56	42	105	210
56	43	77	153
56	44	138	276
56	45	101	202
56	46	162	323
56	47	135	270
56	48	132	265
56	49	71	142
56	50	135	270
56	51	123	246
56	52	201	402
56	53	192	383
56	54	123	246
56	55	125	251
56	56	0	0
56	57	149	298
56	58	148	297
56	59	169	339
56	60	149	298
56	61	323	646
56	62	84	167
56	63	112	224
56	64	283	566
56	65	291	583
56	66	306	612
56	67	293	586
56	68	217	433
56	69	283	566
56	70	191	381
56	71	211	422
56	72	190	380
56	73	191	381
56	74	248	497
57	0	15	30
57	1	149	299
57	2	89	177
57	3	71	142
57	4	95	189
57	5	71	143
57	6	95	190
57	7	89	177
57	8	82	164
57	9	95	191
57	10	82	164
57	11	33	65
57	12	101	203
57	13	33	65
57	14	32	63
57	15	46	91
57	16	49	99
57	17	38	76
57	18	46	91
57	19	13	26
57	20	89	178
57	21	13	26
57	22	51	101
57	23	148	295
57	24	61	122
57	25	86	173
57	26	35	71
57	27	20	40
57	28	51	102
57	29	49	98
57	30	35	71
57	31	18	35
57	32	55	110
57	33	86	173
57	34	43	86
57	35	55	110
57	36	45	91
57	37	93	187
57	38	79	157
57	39	62	124
57	40	45	91
57	41	112	224
57	42	44	89
57	43	112	224
57	44	14	28
57	45	60	121
57	46	41	82
57	47	115	230
57	48	54	109
57	49	115	230
57	50	115	230
57	51	28	56
57	52	65	129
57	53	79	159
57	54	28	56
57	55	80	159
57	56	149	298
57	57	0	0
57	58	1	2
57	59	23	46
57	60	0	0
57	61	175	351
57	62	73	146
57	63	163	325
57	64	183	365
57	65	186	371
57	66	225	449
57	67	192	383
57	68	116	231
57	69	183	365
57	70	52	103
57	71	75	150
57	72	47	95
57	73	52	103
57	74	128	256
58	0	16	31
58	1	149	298
58	2	89	179
58	3	72	143
58	4	95	191
58	5	72	145
58	6	96	192
58	7	89	179
58	8	82	164
58	9	95	191
58	10	82	164
58	11	34	67
58	12	102	204
58	13	34	67
58	14	32	63
58	15	45	90
58	16	50	99
58	17	37	74
58	18	45	90
58	19	14	28
58	20	90	180
58	21	14	28
58	22	51	101
58	23	147	294
58	24	62	124
58	25	87	173
58	26	35	71
58	27	21	41
58	28	51	103
58	29	50	99
58	30	35	71
58	31	18	36
58	32	54	109
58	33	86	172
58	34	43	87
58	35	54	109
58	36	46	91
58	37	94	187
58	38	80	159
58	39	61	122
58	40	46	91
58	41	111	223
58	42	44	88
58	43	111	223
58	44	14	28
58	45	60	121
58	46	42	83
58	47	115	230
58	48	55	110
58	49	115	230
58	50	115	230
58	51	28	55
58	52	66	131
58	53	79	158
58	54	28	55
58	55	79	158
58	56	148	297
58	57	1	2
58	58	0	0
58	59	23	46
58	60	1	2
58	61	176	352
58	62	73	145
58	63	163	325
58	64	184	367
58	65	187	373
58	66	225	451
58	67	193	385
58	68	116	233
58	69	184	367
58	70	52	103
58	71	75	150
58	72	47	95
58	73	52	103
58	74	129	258
59	0	31	63
59	1	169	339
59	2	85	171
59	3	80	161
59	4	81	161
59	5	73	146
59	6	92	183
59	7	85	171
59	8	105	209
59	9	118	237
59	10	105	209
59	11	39	79
59	12	111	223
59	13	39	79
59	14	55	109
59	15	42	84
59	16	27	54
59	17	34	68
59	18	42	84
59	19	20	40
59	20	90	180
59	21	20	40
59	22	72	145
59	23	163	326
59	24	60	121
59	25	106	213
59	26	13	26
59	27	13	27
59	28	32	64
59	29	67	135
59	30	13	26
59	31	39	79
59	32	76	153
59	33	105	209
59	34	29	58
59	35	76	153
59	36	66	132
59	37	112	226
59	38	82	165
59	39	76	152
59	40	66	132
59	41	126	252
59	42	64	129
59	43	126	252
59	44	37	74
59	45	83	167
59	46	52	105
59	47	134	270
59	48	74	149
59	49	138	276
59	50	134	270
59	51	51	101
59	52	61	122
59	53	64	128
59	54	51	101
59	55	85	169
59	56	169	339
59	57	23	46
59	58	23	46
59	59	0	0
59	60	23	46
59	61	158	315
59	62	96	191
59	63	185	370
59	64	184	369
59	65	186	372
59	66	229	459
59	67	193	386
59	68	121	242
59	69	184	369
59	70	30	59
59	71	53	106
59	72	25	50
59	73	30	59
59	74	126	253
60	0	15	30
60	1	149	299
60	2	89	177
60	3	71	142
60	4	95	189
60	5	71	143
60	6	95	190
60	7	89	177
60	8	82	164
60	9	95	191
60	10	82	164
60	11	33	65
60	12	101	203
60	13	33	65
60	14	32	63
60	15	46	91
60	16	49	99
60	17	38	76
60	18	46	91
60	19	13	26
60	20	89	178
60	21	13	26
60	22	51	101
60	23	148	295
60	24	61	122
60	25	86	173
60	26	35	71
60	27	20	40
60	28	51	102
60	29	49	98
60	30	35	71
60	31	18	35
60	32	55	110
60	33	86	173
60	34	43	86
60	35	55	110
60	36	45	91
60	37	93	187
60	38	79	157
60	39	62	124
60	40	45	91
60	41	112	224
60	42	44	89
60	43	112	224
60	44	14	28
60	45	60	121
60	46	41	82
60	47	115	230
60	48	54	109
60	49	115	230
60	50	115	230
60	51	28	56
60	52	65	129
60	53	79	159
60	54	28	56
60	55	80	159
60	56	149	298
60	57	0	0
60	58	1	2
60	59	23	46
60	60	0	0
60	61	175	351
60	62	73	146
60	63	163	325
60	64	183	365
60	65	186	371
60	66	225	449
60	67	192	383
60	68	116	231
60	69	183	365
60	70	52	103
60	71	75	150
60	72	47	95
60	73	52	103
60	74	128	256
61	0	172	343
61	1	324	649
61	2	118	236
61	3	163	326
61	4	83	167
61	5	138	275
61	6	114	228
61	7	118	236
61	8	241	484
61	9	257	515
61	10	241	484
61	11	157	314
61	12	176	352
61	13	157	314
61	14	201	403
61	15	191	382
61	16	134	267
61	17	185	370
61	18	191	382
61	19	163	327
61	20	133	266
61	21	163	327
61	22	205	411
61	23	320	641
61	24	134	268
61	25	219	439
61	26	152	304
61	27	155	311
61	28	126	252
61	29	190	380
61	30	152	304
61	31	183	367
61	32	229	458
61	33	261	523
61	34	133	265
61	35	229	458
61	36	196	392
61	37	222	445
61	38	143	286
61	39	234	467
61	40	196	392
61	41	283	566
61	42	219	439
61	43	283	566
61	44	185	370
61	45	225	451
61	46	166	332
61	47	242	484
61	48	200	400
61	49	276	553
61	50	242	484
61	51	200	400
61	52	127	253
61	53	177	355
61	54	200	400
61	55	236	471
61	56	323	646
61	57	175	351
61	58	176	352
61	59	158	315
61	60	175	351
61	61	0	0
61	62	242	484
61	63	305	610
61	64	163	325
61	65	154	308
61	66	212	423
61	67	164	328
61	68	157	315
61	69	163	325
61	70	148	296
61	71	140	280
61	72	144	288
61	73	148	296
61	74	121	242
62	0	72	143
62	1	87	174
62	2	135	271
62	3	95	191
62	4	159	317
62	5	113	227
62	6	141	284
62	7	135	271
62	8	21	42
62	9	26	52
62	10	21	42
62	11	85	170
62	12	111	223
62	13	85	170
62	14	42	84
62	15	96	191
62	16	122	244
62	17	93	186
62	18	96	191
62	19	82	164
62	20	127	254
62	21	82	164
62	22	39	78
62	23	107	213
62	24	111	223
62	25	59	118
62	26	108	215
62	27	91	182
62	28	122	245
62	29	57	114
62	30	108	215
62	31	60	120
62	32	25	50
62	33	48	96
62	34	112	224
62	35	25	50
62	36	48	97
62	37	65	129
62	38	114	229
62	39	59	118
62	40	48	97
62	41	86	171
62	42	39	78
62	43	86	171
62	44	60	120
62	45	18	35
62	46	78	156
62	47	76	151
62	48	49	98
62	49	44	88
62	50	76	151
62	51	45	90
62	52	118	236
62	53	138	276
62	54	45	90
62	55	95	190
62	56	84	167
62	57	73	146
62	58	73	145
62	59	96	191
62	60	73	146
62	61	242	484
62	62	0	0
62	63	99	198
62	64	205	410
62	65	212	424
62	66	235	469
62	67	215	430
62	68	136	273
62	69	205	410
62	70	122	245
62	71	145	291
62	72	120	239
62	73	122	245
62	74	165	331
63	0	155	310
63	1	121	242
63	2	187	375
63	3	142	284
63	4	224	450
63	5	168	335
63	6	192	384
63	7	187	375
63	8	82	165
63	9	73	146
63	10	82	165
63	11	159	318
63	12	134	268
63	13	159	318
63	14	132	264
63	15	193	388
63	16	209	418
63	17	190	380
63	18	193	388
63	19	167	334
63	20	173	346
63	21	167	334
63	22	113	226
63	23	168	336
63	24	173	346
63	25	87	173
63	26	198	395
63	27	176	353
63	28	204	409
63	29	122	245
63	30	198	395
63	31	146	291
63	32	124	248
63	33	135	270
63	34	191	383
63	35	124	248
63	36	120	241
63	37	83	165
63	38	162	325
63	39	157	314
63	40	120	241
63	41	167	333
63	42	138	275
63	43	167	333
63	44	149	297
63	45	104	208
63	46	146	292
63	47	64	128
63	48	113	226
63	49	59	117
63	50	64	128
63	51	137	274
63	52	180	361
63	53	235	472
63	54	137	274
63	55	192	385
63	56	112	224
63	57	163	325
63	58	163	325
63	59	185	370
63	60	163	325
63	61	305	610
63	62	99	198
63	63	0	0
63	64	211	422
63	65	222	444
63	66	219	437
63	67	220	440
63	68	160	319
63	69	211	422
63	70	214	428
63	71	238	475
63	72	210	419
63	73	214	428
63	74	199	398
64	0	169	338
64	1	289	578
64	2	101	202
64	3	115	230
64	4	133	266
64	5	112	224
64	6	96	192
64	7	101	202
64	8	191	383
64	9	203	407
64	10	191	383
64	11	150	300
64	12	94	188
64	13	150	300
64	14	185	370
64	15	226	451
64	16	182	364
64	17	217	434
64	18	226	451
64	19	172	343
64	20	95	189
64	21	172	343
64	22	169	338
64	23	311	622
64	24	124	249
64	25	151	302
64	26	191	381
64	27	172	344
64	28	168	336
64	29	153	305
64	30	191	381
64	31	175	350
64	32	210	420
64	33	248	496
64	34	160	320
64	35	210	420
64	36	162	325
64	37	148	297
64	38	104	208
64	39	237	475
64	40	162	325
64	41	283	567
64	42	211	421
64	43	283	567
64	44	180	360
64	45	189	378
64	46	144	288
64	47	154	309
64	48	158	316
64	49	215	430
64	50	154	309
64	51	187	375
64	52	124	248
64	53	243	486
64	54	187	375
64	55	262	524
64	56	283	566
64	57	183	365
64	58	184	367
64	59	184	369
64	60	183	365
64	61	163	325
64	62	205	410
64	63	211	422
64	64	0	0
64	65	12	24
64	66	52	103
64	67	10	20
64	68	70	140
64	69	0	0
64	70	201	403
64	71	214	429
64	72	194	389
64	73	201	403
64	74	61	123
65	0	172	344
65	1	297	593
65	2	102	203
65	3	120	241
65	4	130	260
65	5	115	229
65	6	96	192
65	7	102	203
65	8	199	398
65	9	212	423
65	10	199	398
65	11	153	306
65	12	101	203
65	13	153	306
65	14	190	380
65	15	228	455
65	16	182	364
65	17	219	438
65	18	228	455
65	19	174	349
65	20	97	194
65	21	174	349
65	22	175	351
65	23	317	634
65	24	126	252
65	25	159	318
65	26	192	383
65	27	174	348
65	28	168	336
65	29	158	317
65	30	192	383
65	31	179	358
65	32	215	431
65	33	254	508
65	34	161	322
65	35	215	431
65	36	168	336
65	37	157	314
65	38	107	214
65	39	242	485
65	40	168	336
65	41	289	578
65	42	216	431
65	43	289	578
65	44	184	368
65	45	196	391
65	46	148	296
65	47	164	328
65	48	164	328
65	49	224	448
65	50	164	328
65	51	192	385
65	52	125	250
65	53	244	487
65	54	192	385
65	55	265	530
65	56	291	583
65	57	186	371
65	58	187	373
65	59	186	372
65	60	186	371
65	61	154	308
65	62	212	424
65	63	222	444
65	64	12	24
65	65	0	0
65	66	58	116
65	67	10	20
65	68	76	152
65	69	12	24
65	70	202	404
65	71	213	426
65	72	195	389
65	73	202	404
65	74	61	121
66	0	210	420
66	1	313	626
66	2	149	298
66	3	154	308
66	4	184	368
66	5	157	313
66	6	145	290
66	7	149	298
66	8	218	436
66	9	228	455
66	10	218	436
66	11	193	385
66	12	127	253
66	13	193	385
66	14	222	443
66	15	269	538
66	16	230	460
66	17	261	521
66	18	269	538
66	19	215	429
66	20	140	280
66	21	215	429
66	22	202	405
66	23	341	682
66	24	170	340
66	25	177	353
66	26	237	474
66	27	216	433
66	28	216	432
66	29	188	375
66	30	237	474
66	31	214	428
66	32	243	487
66	33	281	561
66	34	207	414
66	35	243	487
66	36	197	394
66	37	172	344
66	38	147	294
66	39	275	549
66	40	197	394
66	41	317	635
66	42	247	493
66	43	317	635
66	44	219	439
66	45	220	440
66	46	184	368
66	47	172	343
66	48	191	382
66	49	236	471
66	50	172	343
66	51	225	450
66	52	171	341
66	53	290	581
66	54	225	450
66	55	302	604
66	56	306	612
66	57	225	449
66	58	225	451
66	59	229	459
66	60	225	449
66	61	212	423
66	62	235	469
66	63	219	437
66	64	52	103
66	65	58	116
66	66	0	0
66	67	48	96
66	68	109	218
66	69	52	103
66	70	249	498
66	71	263	526
66	72	242	483
66	73	249	498
66	74	111	223
67	0	178	356
67	1	299	597
67	2	109	218
67	3	125	250
67	4	139	279
67	5	121	242
67	6	104	208
67	7	109	218
67	8	201	402
67	9	213	426
67	10	201	402
67	11	159	318
67	12	104	207
67	13	159	318
67	14	195	389
67	15	234	469
67	16	190	380
67	17	226	452
67	18	234	469
67	19	180	361
67	20	103	207
67	21	180	361
67	22	179	358
67	23	321	641
67	24	133	266
67	25	161	321
67	26	199	398
67	27	181	362
67	28	176	352
67	29	162	325
67	30	199	398
67	31	184	368
67	32	219	439
67	33	258	516
67	34	168	337
67	35	219	439
67	36	172	344
67	37	158	316
67	38	113	226
67	39	247	494
67	40	172	344
67	41	293	587
67	42	220	440
67	43	293	587
67	44	189	378
67	45	199	398
67	46	153	306
67	47	164	328
67	48	168	335
67	49	225	449
67	50	164	328
67	51	197	394
67	52	132	265
67	53	251	502
67	54	197	394
67	55	271	542
67	56	293	586
67	57	192	383
67	58	193	385
67	59	193	386
67	60	192	383
67	61	164	328
67	62	215	430
67	63	220	440
67	64	10	20
67	65	10	20
67	66	48	96
67	67	0	0
67	68	80	159
67	69	10	20
67	70	209	419
67	71	222	443
67	72	202	405
67	73	209	419
67	74	69	137
68	0	101	202
68	1	222	443
68	2	50	100
68	3	46	91
68	4	94	188
68	5	49	99
68	6	49	99
68	7	50	100
68	8	124	248
68	9	137	275
68	10	124	248
68	11	84	167
68	12	27	54
68	13	84	167
68	14	115	231
68	15	160	320
68	16	125	250
68	17	152	303
68	18	160	320
68	19	106	211
68	20	36	71
68	21	106	211
68	22	99	199
68	23	241	483
68	24	63	126
68	25	86	171
68	26	129	259
68	27	108	216
68	28	112	223
68	29	83	166
68	30	129	259
68	31	106	212
68	32	140	280
68	33	178	357
68	34	101	202
68	35	140	280
68	36	93	185
68	37	85	169
68	38	39	78
68	39	168	336
68	40	93	185
68	41	214	428
68	42	141	282
68	43	214	428
68	44	111	222
68	45	120	240
68	46	75	151
68	47	97	193
68	48	88	177
68	49	151	302
68	50	97	193
68	51	118	236
68	52	66	131
68	53	183	367
68	54	118	236
68	55	194	388
68	56	217	433
68	57	116	231
68	58	116	233
68	59	121	242
68	60	116	231
68	61	157	315
68	62	136	273
68	63	160	319
68	64	70	140
68	65	76	152
68	66	109	218
68	67	80	159
68	68	0	0
68	69	70	140
68	70	142	286
68	71	160	319
68	72	135	271
68	73	142	286
68	74	40	80
69	0	169	338
69	1	289	578
69	2	101	202
69	3	115	230
69	4	133	266
69	5	112	224
69	6	96	192
69	7	101	202
69	8	191	383
69	9	203	407
69	10	191	383
69	11	150	300
69	12	94	188
69	13	150	300
69	14	185	370
69	15	226	451
69	16	182	364
69	17	217	434
69	18	226	451
69	19	172	343
69	20	95	189
69	21	172	343
69	22	169	338
69	23	311	622
69	24	124	249
69	25	151	302
69	26	191	381
69	27	172	344
69	28	168	336
69	29	153	305
69	30	191	381
69	31	175	350
69	32	210	420
69	33	248	496
69	34	160	320
69	35	210	420
69	36	162	325
69	37	148	297
69	38	104	208
69	39	237	475
69	40	162	325
69	41	283	567
69	42	211	421
69	43	283	567
69	44	180	360
69	45	189	378
69	46	144	288
69	47	154	309
69	48	158	316
69	49	215	430
69	50	154	309
69	51	187	375
69	52	124	248
69	53	243	486
69	54	187	375
69	55	262	524
69	56	283	566
69	57	183	365
69	58	184	367
69	59	184	369
69	60	183	365
69	61	163	325
69	62	205	410
69	63	211	422
69	64	0	0
69	65	12	24
69	66	52	103
69	67	10	20
69	68	70	140
69	69	0	0
69	70	201	403
69	71	214	429
69	72	194	389
69	73	201	403
69	74	61	123
70	0	61	122
70	1	189	379
70	2	100	201
70	3	106	212
70	4	82	164
70	5	93	187
70	6	106	212
70	7	100	201
70	8	133	266
70	9	146	293
70	10	133	266
70	11	66	133
70	12	137	274
70	13	66	133
70	14	83	165
70	15	44	88
70	16	20	40
70	17	39	78
70	18	44	88
70	19	49	99
70	20	109	218
70	21	49	99
70	22	102	203
70	23	176	352
70	24	80	160
70	25	136	272
70	26	17	34
70	27	41	83
70	28	34	68
70	29	97	194
70	30	17	34
70	31	69	137
70	32	101	202
70	33	123	247
70	34	42	84
70	35	101	202
70	36	96	191
70	37	142	285
70	38	104	208
70	39	91	183
70	40	96	191
70	41	138	275
70	42	88	175
70	43	138	275
70	44	66	131
70	45	111	223
70	46	80	161
70	47	164	329
70	48	104	208
70	49	165	331
70	50	164	329
70	51	78	157
70	52	78	157
70	53	42	83
70	54	78	157
70	55	88	176
70	56	191	381
70	57	52	103
70	58	52	103
70	59	30	59
70	60	52	103
70	61	148	296
70	62	122	245
70	63	214	428
70	64	201	403
70	65	202	404
70	66	249	498
70	67	209	419
70	68	142	286
70	69	201	403
70	70	0	0
70	71	24	47
70	72	7	15
70	73	0	0
70	74	141	283
71	0	84	168
71	1	209	419
71	2	114	228
71	3	126	252
71	4	86	173
71	5	111	221
71	6	118	237
71	7	114	228
71	8	156	313
71	9	170	339
71	10	156	313
71	11	88	176
71	12	156	313
71	13	88	176
71	14	106	212
71	15	60	120
71	16	35	71
71	17	58	115
71	18	60	120
71	19	72	145
71	20	125	250
71	21	72	145
71	22	125	250
71	23	192	384
71	24	97	194
71	25	159	318
71	26	40	81
71	27	64	127
71	28	48	96
71	29	120	240
71	30	40	81
71	31	92	184
71	32	123	247
71	33	143	286
71	34	59	119
71	35	123	247
71	36	119	238
71	37	165	331
71	38	121	242
71	39	110	221
71	40	119	238
71	41	154	307
71	42	110	219
71	43	154	307
71	44	89	178
71	45	135	270
71	46	102	205
71	47	187	375
71	48	127	255
71	49	189	378
71	50	187	375
71	51	102	204
71	52	94	188
71	53	38	75
71	54	102	204
71	55	101	201
71	56	211	422
71	57	75	150
71	58	75	150
71	59	53	106
71	60	75	150
71	61	140	280
71	62	145	291
71	63	238	475
71	64	214	429
71	65	213	426
71	66	263	526
71	67	222	443
71	68	160	319
71	69	214	429
71	70	24	47
71	71	0	0
71	72	29	57
71	73	24	47
71	74	153	306
72	0	56	111
72	1	189	379
72	2	93	187
72	3	99	198
72	4	76	151
72	5	86	172
72	6	99	197
72	7	93	187
72	8	129	259
72	9	142	286
72	10	129	259
72	11	60	119
72	12	130	260
72	13	60	119
72	14	79	158
72	15	47	94
72	16	13	26
72	17	41	82
72	18	47	94
72	19	44	88
72	20	102	203
72	21	44	88
72	22	97	194
72	23	178	356
72	24	73	145
72	25	130	261
72	26	12	25
72	27	35	70
72	28	27	54
72	29	91	183
72	30	12	25
72	31	64	128
72	32	99	198
72	33	123	247
72	34	35	69
72	35	99	198
72	36	91	181
72	37	136	274
72	38	97	193
72	39	92	185
72	40	91	181
72	41	140	280
72	42	86	172
72	43	140	280
72	44	61	123
72	45	107	216
72	46	74	148
72	47	158	318
72	48	99	198
72	49	162	325
72	50	158	318
72	51	75	150
72	52	71	142
72	53	49	98
72	54	75	150
72	55	92	183
72	56	190	380
72	57	47	95
72	58	47	95
72	59	25	50
72	60	47	95
72	61	144	288
72	62	120	239
72	63	210	419
72	64	194	389
72	65	195	389
72	66	242	483
72	67	202	405
72	68	135	271
72	69	194	389
72	70	7	15
72	71	29	57
72	72	0	0
72	73	7	15
72	74	134	268
73	0	61	122
73	1	189	379
73	2	100	201
73	3	106	212
73	4	82	164
73	5	93	187
73	6	106	212
73	7	100	201
73	8	133	266
73	9	146	293
73	10	133	266
73	11	66	133
73	12	137	274
73	13	66	133
73	14	83	165
73	15	44	88
73	16	20	40
73	17	39	78
73	18	44	88
73	19	49	99
73	20	109	218
73	21	49	99
73	22	102	203
73	23	176	352
73	24	80	160
73	25	136	272
73	26	17	34
73	27	41	83
73	28	34	68
73	29	97	194
73	30	17	34
73	31	69	137
73	32	101	202
73	33	123	247
73	34	42	84
73	35	101	202
73	36	96	191
73	37	142	285
73	38	104	208
73	39	91	183
73	40	96	191
73	41	138	275
73	42	88	175
73	43	138	275
73	44	66	131
73	45	111	223
73	46	80	161
73	47	164	329
73	48	104	208
73	49	165	331
73	50	164	329
73	51	78	157
73	52	78	157
73	53	42	83
73	54	78	157
73	55	88	176
73	56	191	381
73	57	52	103
73	58	52	103
73	59	30	59
73	60	52	103
73	61	148	296
73	62	122	245
73	63	214	428
73	64	201	403
73	65	202	404
73	66	249	498
73	67	209	419
73	68	142	286
73	69	201	403
73	70	0	0
73	71	24	47
73	72	7	15
73	73	0	0
73	74	141	283
74	0	115	231
74	1	252	505
74	2	41	82
74	3	70	141
74	4	73	146
74	5	57	114
74	6	35	71
74	7	41	82
74	8	157	313
74	9	171	342
74	10	157	313
74	11	96	192
74	12	65	130
74	13	96	192
74	14	137	274
74	15	168	337
74	16	121	243
74	17	160	320
74	18	168	337
74	19	116	232
74	20	40	80
74	21	116	232
74	22	127	254
74	23	267	534
74	24	67	134
74	25	121	243
74	26	131	263
74	27	115	230
74	28	107	215
74	29	109	218
74	30	131	263
74	31	124	247
74	32	165	329
74	33	203	406
74	34	100	201
74	35	165	329
74	36	118	237
74	37	122	243
74	38	52	104
74	39	187	374
74	40	118	237
74	41	235	472
74	42	162	325
74	43	235	472
74	44	128	256
74	45	148	296
74	46	93	187
74	47	136	271
74	48	116	233
74	49	186	373
74	50	136	271
74	51	138	277
74	52	65	131
74	53	183	366
74	54	138	277
74	55	208	415
74	56	248	497
74	57	128	256
74	58	129	258
74	59	126	253
74	60	128	256
74	61	121	242
74	62	165	331
74	63	199	398
74	64	61	123
74	65	61	121
74	66	111	223
74	67	69	137
74	68	40	80
74	69	61	123
74	70	141	283
74	71	153	306
74	72	134	268
74	73	141	283
74	74	0	0
</TRAVEL_COSTS_TIMES>
