<NB_CUSTOMERS>20</NB_CUSTOMERS>
<NB_LOCATIONS>68</NB_LOCATIONS>
<NB_VEHICLES>4</NB_VEHICLES>
<VEHICLE_CAPACITY>750</VEHICLE_CAPACITY>
<EXTERNAL_VEHICLE_COST>6200</EXTERNAL_VEHICLE_COST>
<DEPOT>	ID	DEMAND	NBLOC	LOCS
0	0	1		0
</DEPOT>
<CUSTOMERS>	ID	DEMAND	NBLOC	LOCS
1	65	6			1	2	3	4	5	6
2	82	6			7	8	9	10	11	12
3	54	3			13	14	15
4	61	6			16	17	18	19	20	21
5	74	1			22
6	63	1			23
7	38	3			24	25	26
8	26	5			27	28	29	30	31
9	53	1			32
10	46	4			33	34	35	36
11	58	5			37	38	39	40	41
12	32	1			42
13	61	1			43
14	35	6			44	45	46	47	48	49
15	34	1			50
16	36	4			51	52	53	54
17	78	5			55	56	57	58	59
18	18	1			60
19	36	1			61
20	51	6			62	63	64	65	66	67
</CUSTOMERS>
<LOCATIONS>	ID	x	y	TWE	TWL
0	0	0	0	720
1	-24.9093	0.199475	0	27
2	-9.96463	60.588	151	182
3	-46.1985	24.1984	285	287
4	-27.7354	-0.139959	348	369
5	17.0475	40.0658	489	495
6	-24.9093	0.199475	611	720
7	-99.1954	55.855	0	30
8	-67.0014	34.9622	107	142
9	-129.493	16.4678	272	285
10	-103.177	53.7736	376	577
11	-95.7718	56.1041	593	631
12	-99.1954	55.855	638	720
13	2.95038	-27.6503	0	4
14	8.73943	16.9202	94	305
15	2.95038	-27.6503	395	720
16	27.6187	63.4349	0	17
17	84.3484	51.2261	133	137
18	23.4741	41.6433	260	304
19	22.1095	104.15	429	458
20	43.0361	46.4535	581	601
21	27.6187	63.4349	647	720
22	8.28997	-48.7491	0	720
23	-77.0967	37.3741	0	720
24	161.93	64.7041	0	184
25	166.362	61.9985	194	304
26	161.93	64.7041	314	720
27	-105.907	2.85948	0	105
28	-113.92	24.4068	151	166
29	-88.1994	38.8663	225	278
30	-178.119	-38.7988	516	518
31	-105.907	2.85948	685	720
32	-100.854	-19.7584	0	720
33	29.4754	43.0766	0	57
34	79.145	48.3019	157	216
35	33.6626	-34.4298	405	506
36	29.4754	43.0766	661	720
37	72.0915	15.7459	0	4
38	86.4845	-21.7692	84	136
39	110.806	37.8406	265	479
40	107.905	20.4777	514	533
41	72.0915	15.7459	605	720
42	-52.4183	26.8402	0	720
43	-51.6526	19.3773	0	720
44	63.1774	40.1003	0	10
45	125.347	19.4989	141	143
46	74.194	104.061	341	355
47	48.7402	1.22395	567	570
48	76.0302	37.3653	661	665
49	63.1774	40.1003	691	720
50	-16.8559	48.8694	0	720
51	-52.5597	-2.83678	0	127
52	60.6843	-42.2417	367	368
53	-9.85612	-41.5189	509	537
54	-52.5597	-2.83678	652	720
55	3.76865	170.422	0	1
56	-39.5311	235.131	157	159
57	38.1638	89.8027	489	504
58	40.2436	101.444	528	531
59	3.76865	170.422	687	720
60	-11.7219	-8.78026	0	720
61	-35.1905	51.7746	0	720
62	-102.774	-15.9682	0	40
63	-142.862	-29.2461	124	142
64	-103.816	-10.2473	229	293
65	-91.3204	-5.7467	320	376
66	-53.3227	35.4203	488	562
67	-102.774	-15.9682	705	720
</LOCATIONS>
<TRAVEL_COSTS_TIMES>	IDFROM	IDTO	COST	TIME
0	0	0	0
0	1	25	50
0	2	61	123
0	3	52	104
0	4	28	55
0	5	44	87
0	6	25	50
0	7	113	227
0	8	75	151
0	9	131	261
0	10	116	232
0	11	111	222
0	12	113	227
0	13	28	56
0	14	19	38
0	15	28	56
0	16	69	138
0	17	99	197
0	18	48	96
0	19	106	213
0	20	63	127
0	21	69	138
0	22	49	99
0	23	85	171
0	24	174	349
0	25	178	355
0	26	174	349
0	27	106	211
0	28	117	233
0	29	96	193
0	30	182	365
0	31	106	211
0	32	103	206
0	33	52	104
0	34	93	185
0	35	48	96
0	36	52	104
0	37	74	148
0	38	89	178
0	39	117	234
0	40	110	220
0	41	74	148
0	42	59	118
0	43	55	110
0	44	75	150
0	45	127	254
0	46	128	255
0	47	49	98
0	48	85	169
0	49	75	150
0	50	52	103
0	51	53	105
0	52	74	148
0	53	43	85
0	54	53	105
0	55	170	341
0	56	238	477
0	57	97	195
0	58	109	218
0	59	170	341
0	60	15	29
0	61	63	125
0	62	104	208
0	63	146	292
0	64	104	208
0	65	92	183
0	66	64	128
0	67	104	208
1	0	25	50
1	1	0	0
1	2	62	124
1	3	32	64
1	4	3	6
1	5	58	116
1	6	0	0
1	7	93	186
1	8	55	109
1	9	106	212
1	10	95	190
1	11	90	180
1	12	93	186
1	13	39	79
1	14	38	75
1	15	39	79
1	16	82	164
1	17	121	241
1	18	64	127
1	19	114	228
1	20	82	164
1	21	82	164
1	22	59	118
1	23	64	128
1	24	198	395
1	25	201	402
1	26	198	395
1	27	81	162
1	28	92	184
1	29	74	148
1	30	158	316
1	31	81	162
1	32	79	157
1	33	69	139
1	34	115	229
1	35	68	136
1	36	69	139
1	37	98	196
1	38	114	227
1	39	141	282
1	40	134	268
1	41	98	196
1	42	38	77
1	43	33	66
1	44	97	193
1	45	151	303
1	46	144	287
1	47	74	147
1	48	108	215
1	49	97	193
1	50	49	99
1	51	28	56
1	52	96	191
1	53	44	89
1	54	28	56
1	55	172	345
1	56	235	471
1	57	110	219
1	58	120	241
1	59	172	345
1	60	16	32
1	61	53	105
1	62	80	159
1	63	122	243
1	64	80	159
1	65	67	133
1	66	45	91
1	67	80	159
2	0	61	123
2	1	62	124
2	2	0	0
2	3	51	103
2	4	63	127
2	5	34	68
2	6	62	124
2	7	89	179
2	8	63	125
2	9	127	254
2	10	93	187
2	11	86	172
2	12	89	179
2	13	89	178
2	14	48	95
2	15	89	178
2	16	38	75
2	17	95	190
2	18	38	77
2	19	54	108
2	20	55	110
2	21	38	75
2	22	110	222
2	23	71	142
2	24	172	344
2	25	176	353
2	26	172	344
2	27	112	224
2	28	110	220
2	29	81	162
2	30	195	390
2	31	112	224
2	32	121	242
2	33	43	86
2	34	90	180
2	35	105	209
2	36	43	86
2	37	93	187
2	38	127	254
2	39	123	246
2	40	125	249
2	41	93	187
2	42	54	108
2	43	58	117
2	44	76	152
2	45	141	283
2	46	95	189
2	47	83	167
2	48	89	178
2	49	76	152
2	50	14	27
2	51	76	153
2	52	125	250
2	53	102	204
2	54	76	153
2	55	111	221
2	56	177	354
2	57	56	113
2	58	65	129
2	59	111	221
2	60	69	139
2	61	27	53
2	62	120	240
2	63	160	321
2	64	117	235
2	65	105	209
2	66	50	100
2	67	120	240
3	0	52	104
3	1	32	64
3	2	51	103
3	3	0	0
3	4	31	61
3	5	65	130
3	6	32	64
3	7	61	123
3	8	23	47
3	9	84	167
3	10	64	128
3	11	59	118
3	12	61	123
3	13	71	143
3	14	55	111
3	15	71	143
3	16	84	167
3	17	133	266
3	18	72	143
3	19	105	210
3	20	92	183
3	21	84	167
3	22	91	182
3	23	33	67
3	24	212	423
3	25	216	431
3	26	212	423
3	27	63	127
3	28	68	135
3	29	44	89
3	30	146	292
3	31	63	127
3	32	70	140
3	33	78	155
3	34	128	255
3	35	99	198
3	36	78	155
3	37	118	237
3	38	140	281
3	39	158	315
3	40	154	308
3	41	118	237
3	42	7	14
3	43	7	15
3	44	111	221
3	45	171	343
3	46	144	289
3	47	98	195
3	48	123	246
3	49	111	221
3	50	38	77
3	51	28	56
3	52	126	252
3	53	75	150
3	54	28	56
3	55	155	309
3	56	211	422
3	57	107	214
3	58	116	232
3	59	155	309
3	60	48	95
3	61	30	59
3	62	69	139
3	63	110	221
3	64	67	134
3	65	54	108
3	66	13	27
3	67	69	139
4	0	28	55
4	1	3	6
4	2	63	127
4	3	31	61
4	4	0	0
4	5	60	120
4	6	3	6
4	7	91	182
4	8	53	105
4	9	103	206
4	10	93	185
4	11	88	176
4	12	91	182
4	13	41	82
4	14	40	81
4	15	41	82
4	16	84	169
4	17	123	247
4	18	66	132
4	19	116	231
4	20	85	169
4	21	84	169
4	22	61	121
4	23	62	124
4	24	200	401
4	25	204	408
4	26	200	401
4	27	78	156
4	28	90	179
4	29	72	144
4	30	155	310
4	31	78	156
4	32	76	151
4	33	72	143
4	34	117	235
4	35	70	140
4	36	72	143
4	37	101	202
4	38	116	232
4	39	144	287
4	40	137	274
4	41	101	202
4	42	37	73
4	43	31	62
4	44	99	199
4	45	154	309
4	46	146	292
4	47	76	153
4	48	110	221
4	49	99	199
4	50	50	100
4	51	25	50
4	52	98	196
4	53	45	90
4	54	25	50
4	55	173	347
4	56	235	471
4	57	112	223
4	58	122	244
4	59	173	347
4	60	18	36
4	61	52	105
4	62	77	153
4	63	119	237
4	64	77	153
4	65	64	128
4	66	44	88
4	67	77	153
5	0	44	87
5	1	58	116
5	2	34	68
5	3	65	130
5	4	60	120
5	5	0	0
5	6	58	116
5	7	117	235
5	8	84	168
5	9	148	297
5	10	121	242
5	11	114	228
5	12	117	235
5	13	69	138
5	14	25	49
5	15	69	138
5	16	26	51
5	17	68	136
5	18	7	13
5	19	64	129
5	20	27	53
5	21	26	51
5	22	89	178
5	23	94	188
5	24	147	293
5	25	151	301
5	26	147	293
5	27	128	256
5	28	132	264
5	29	105	210
5	30	210	421
5	31	128	256
5	32	132	264
5	33	13	25
5	34	63	125
5	35	76	153
5	36	13	25
5	37	60	120
5	38	93	186
5	39	94	187
5	40	93	186
5	41	60	120
5	42	71	141
5	43	72	143
5	44	46	92
5	45	110	220
5	46	86	172
5	47	50	100
5	48	59	118
5	49	46	92
5	50	35	70
5	51	82	164
5	52	93	186
5	53	86	172
5	54	82	164
5	55	131	262
5	56	203	406
5	57	54	108
5	58	66	131
5	59	131	262
5	60	57	113
5	61	54	107
5	62	132	265
5	63	174	348
5	64	131	262
5	65	118	235
5	66	71	141
5	67	132	265
6	0	25	50
6	1	0	0
6	2	62	124
6	3	32	64
6	4	3	6
6	5	58	116
6	6	0	0
6	7	93	186
6	8	55	109
6	9	106	212
6	10	95	190
6	11	90	180
6	12	93	186
6	13	39	79
6	14	38	75
6	15	39	79
6	16	82	164
6	17	121	241
6	18	64	127
6	19	114	228
6	20	82	164
6	21	82	164
6	22	59	118
6	23	64	128
6	24	198	395
6	25	201	402
6	26	198	395
6	27	81	162
6	28	92	184
6	29	74	148
6	30	158	316
6	31	81	162
6	32	79	157
6	33	69	139
6	34	115	229
6	35	68	136
6	36	69	139
6	37	98	196
6	38	114	227
6	39	141	282
6	40	134	268
6	41	98	196
6	42	38	77
6	43	33	66
6	44	97	193
6	45	151	303
6	46	144	287
6	47	74	147
6	48	108	215
6	49	97	193
6	50	49	99
6	51	28	56
6	52	96	191
6	53	44	89
6	54	28	56
6	55	172	345
6	56	235	471
6	57	110	219
6	58	120	241
6	59	172	345
6	60	16	32
6	61	53	105
6	62	80	159
6	63	122	243
6	64	80	159
6	65	67	133
6	66	45	91
6	67	80	159
7	0	113	227
7	1	93	186
7	2	89	179
7	3	61	123
7	4	91	182
7	5	117	235
7	6	93	186
7	7	0	0
7	8	38	77
7	9	50	99
7	10	4	9
7	11	3	7
7	12	0	0
7	13	132	264
7	14	115	229
7	15	132	264
7	16	127	254
7	17	183	367
7	18	123	247
7	19	130	261
7	20	142	285
7	21	127	254
7	22	150	300
7	23	29	58
7	24	261	523
7	25	265	531
7	26	261	523
7	27	53	107
7	28	35	69
7	29	20	40
7	30	123	246
7	31	53	107
7	32	76	151
7	33	129	258
7	34	178	357
7	35	160	321
7	36	129	258
7	37	176	352
7	38	201	402
7	39	210	421
7	40	210	420
7	41	176	352
7	42	55	110
7	43	60	120
7	44	163	326
7	45	227	455
7	46	180	360
7	47	158	315
7	48	176	352
7	49	163	326
7	50	82	165
7	51	75	150
7	52	187	375
7	53	132	264
7	54	75	150
7	55	154	308
7	56	189	378
7	57	141	283
7	58	146	293
7	59	154	308
7	60	108	218
7	61	64	128
7	62	72	144
7	63	96	191
7	64	66	133
7	65	62	124
7	66	50	100
7	67	72	144
8	0	75	151
8	1	55	109
8	2	63	125
8	3	23	47
8	4	53	105
8	5	84	168
8	6	55	109
8	7	38	77
8	8	0	0
8	9	65	130
8	10	41	82
8	11	36	71
8	12	38	77
8	13	94	187
8	14	78	156
8	15	94	187
8	16	99	198
8	17	152	304
8	18	91	181
8	19	113	226
8	20	111	221
8	21	99	198
8	22	113	225
8	23	10	21
8	24	231	461
8	25	235	469
8	26	231	461
8	27	50	101
8	28	48	96
8	29	21	43
8	30	133	267
8	31	50	101
8	32	64	129
8	33	97	193
8	34	147	293
8	35	122	244
8	36	97	193
8	37	140	281
8	38	163	327
8	39	178	355
8	40	176	351
8	41	140	281
8	42	17	33
8	43	22	44
8	44	130	260
8	45	193	386
8	46	157	314
8	47	121	241
8	48	143	286
8	49	130	260
8	50	52	104
8	51	40	81
8	52	149	298
8	53	95	191
8	54	40	81
8	55	153	306
8	56	202	404
8	57	119	237
8	58	126	252
8	59	153	306
8	60	70	141
8	61	36	72
8	62	62	124
8	63	99	199
8	64	58	117
8	65	47	95
8	66	14	27
8	67	62	124
9	0	131	261
9	1	106	212
9	2	127	254
9	3	84	167
9	4	103	206
9	5	148	297
9	6	106	212
9	7	50	99
9	8	65	130
9	9	0	0
9	10	46	91
9	11	52	104
9	12	50	99
9	13	140	279
9	14	138	276
9	15	140	279
9	16	164	328
9	17	216	433
9	18	155	310
9	19	175	350
9	20	175	350
9	21	164	328
9	22	152	305
9	23	56	113
9	24	295	590
9	25	299	598
9	26	295	590
9	27	27	54
9	28	17	35
9	29	47	94
9	30	74	147
9	31	27	54
9	32	46	92
9	33	161	322
9	34	211	422
9	35	171	342
9	36	161	322
9	37	201	403
9	38	219	438
9	39	241	482
9	40	237	474
9	41	201	403
9	42	78	156
9	43	78	156
9	44	194	388
9	45	254	509
9	46	221	443
9	47	179	358
9	48	207	413
9	49	194	388
9	50	117	234
9	51	79	159
9	52	199	398
9	53	133	266
9	54	79	159
9	55	204	407
9	56	236	473
9	57	183	366
9	58	189	380
9	59	204	407
9	60	120	241
9	61	100	201
9	62	42	84
9	63	48	95
9	64	37	74
9	65	44	88
9	66	78	157
9	67	42	84
10	0	116	232
10	1	95	190
10	2	93	187
10	3	64	128
10	4	93	185
10	5	121	242
10	6	95	190
10	7	4	9
10	8	41	82
10	9	46	91
10	10	0	0
10	11	7	16
10	12	4	9
10	13	134	267
10	14	118	236
10	15	134	267
10	16	131	262
10	17	187	375
10	18	127	254
10	19	134	270
10	20	146	293
10	21	131	262
10	22	151	303
10	23	31	62
10	24	265	531
10	25	269	539
10	26	265	531
10	27	51	102
10	28	31	63
10	29	21	42
10	30	119	238
10	31	51	102
10	32	74	147
10	33	133	266
10	34	182	365
10	35	163	325
10	36	133	266
10	37	179	359
10	38	204	408
10	39	214	428
10	40	214	427
10	41	179	359
10	42	57	115
10	43	62	124
10	44	167	333
10	45	231	462
10	46	184	369
10	47	161	321
10	48	180	359
10	49	167	333
10	50	86	173
10	51	76	152
10	52	190	380
10	53	133	266
10	54	76	152
10	55	158	317
10	56	192	384
10	57	145	292
10	58	150	302
10	59	158	317
10	60	111	221
10	61	68	136
10	62	70	139
10	63	92	184
10	64	64	128
10	65	61	121
10	66	53	106
10	67	70	139
11	0	111	222
11	1	90	180
11	2	86	172
11	3	59	118
11	4	88	176
11	5	114	228
11	6	90	180
11	7	3	7
11	8	36	71
11	9	52	104
11	10	7	16
11	11	0	0
11	12	3	7
11	13	129	258
11	14	112	223
11	15	129	258
11	16	124	247
11	17	180	360
11	18	120	240
11	19	127	255
11	20	139	278
11	21	124	247
11	22	147	295
11	23	26	53
11	24	258	516
11	25	262	524
11	26	258	516
11	27	54	108
11	28	37	73
11	29	19	38
11	30	126	251
11	31	54	108
11	32	76	152
11	33	126	251
11	34	175	350
11	35	158	315
11	36	126	251
11	37	173	345
11	38	198	396
11	39	207	414
11	40	207	414
11	41	173	345
11	42	52	104
11	43	57	115
11	44	160	319
11	45	224	448
11	46	177	353
11	47	155	309
11	48	173	345
11	49	160	319
11	50	79	158
11	51	73	146
11	52	185	369
11	53	130	260
11	54	73	146
11	55	152	303
11	56	188	375
11	57	138	276
11	58	143	287
11	59	152	303
11	60	106	212
11	61	61	121
11	62	72	145
11	63	97	195
11	64	67	134
11	65	62	124
11	66	47	94
11	67	72	145
12	0	113	227
12	1	93	186
12	2	89	179
12	3	61	123
12	4	91	182
12	5	117	235
12	6	93	186
12	7	0	0
12	8	38	77
12	9	50	99
12	10	4	9
12	11	3	7
12	12	0	0
12	13	132	264
12	14	115	229
12	15	132	264
12	16	127	254
12	17	183	367
12	18	123	247
12	19	130	261
12	20	142	285
12	21	127	254
12	22	150	300
12	23	29	58
12	24	261	523
12	25	265	531
12	26	261	523
12	27	53	107
12	28	35	69
12	29	20	40
12	30	123	246
12	31	53	107
12	32	76	151
12	33	129	258
12	34	178	357
12	35	160	321
12	36	129	258
12	37	176	352
12	38	201	402
12	39	210	421
12	40	210	420
12	41	176	352
12	42	55	110
12	43	60	120
12	44	163	326
12	45	227	455
12	46	180	360
12	47	158	315
12	48	176	352
12	49	163	326
12	50	82	165
12	51	75	150
12	52	187	375
12	53	132	264
12	54	75	150
12	55	154	308
12	56	189	378
12	57	141	283
12	58	146	293
12	59	154	308
12	60	108	218
12	61	64	128
12	62	72	144
12	63	96	191
12	64	66	133
12	65	62	124
12	66	50	100
12	67	72	144
13	0	28	56
13	1	39	79
13	2	89	178
13	3	71	143
13	4	41	82
13	5	69	138
13	6	39	79
13	7	132	264
13	8	94	187
13	9	140	279
13	10	134	267
13	11	129	258
13	12	132	264
13	13	0	0
13	14	45	90
13	15	0	0
13	16	94	189
13	17	113	227
13	18	72	145
13	19	133	266
13	20	84	169
13	21	94	189
13	22	22	44
13	23	103	206
13	24	183	368
13	25	186	373
13	26	183	368
13	27	113	226
13	28	128	256
13	29	113	226
13	30	181	363
13	31	113	226
13	32	104	208
13	33	76	151
13	34	108	215
13	35	31	63
13	36	76	151
13	37	81	163
13	38	84	167
13	39	126	252
13	40	115	231
13	41	81	163
13	42	77	155
13	43	72	144
13	44	91	181
13	45	131	262
13	46	149	299
13	47	54	108
13	48	98	196
13	49	91	181
13	50	79	158
13	51	61	122
13	52	59	119
13	53	19	38
13	54	61	122
13	55	198	396
13	56	266	532
13	57	122	245
13	58	134	269
13	59	198	396
13	60	24	48
13	61	88	176
13	62	106	213
13	63	146	292
13	64	108	216
13	65	97	194
13	66	84	169
13	67	106	213
14	0	19	38
14	1	38	75
14	2	48	95
14	3	55	111
14	4	40	81
14	5	25	49
14	6	38	75
14	7	115	229
14	8	78	156
14	9	138	276
14	10	118	236
14	11	112	223
14	12	115	229
14	13	45	90
14	14	0	0
14	15	45	90
14	16	50	100
14	17	83	166
14	18	29	58
14	19	88	176
14	20	45	91
14	21	50	100
14	22	66	131
14	23	88	176
14	24	160	321
14	25	164	328
14	26	160	321
14	27	116	231
14	28	122	246
14	29	99	198
14	30	195	390
14	31	116	231
14	32	115	231
14	33	33	67
14	34	77	154
14	35	57	114
14	36	33	67
14	37	63	127
14	38	87	174
14	39	104	208
14	40	99	198
14	41	63	127
14	42	62	124
14	43	60	121
14	44	59	118
14	45	116	233
14	46	109	218
14	47	43	86
14	48	70	141
14	49	59	118
14	50	41	82
14	51	64	129
14	52	79	157
14	53	61	123
14	54	64	129
14	55	154	307
14	56	223	447
14	57	78	157
14	58	90	180
14	59	154	307
14	60	33	66
14	61	56	112
14	62	116	233
14	63	158	317
14	64	116	232
14	65	103	205
14	66	65	130
14	67	116	233
15	0	28	56
15	1	39	79
15	2	89	178
15	3	71	143
15	4	41	82
15	5	69	138
15	6	39	79
15	7	132	264
15	8	94	187
15	9	140	279
15	10	134	267
15	11	129	258
15	12	132	264
15	13	0	0
15	14	45	90
15	15	0	0
15	16	94	189
15	17	113	227
15	18	72	145
15	19	133	266
15	20	84	169
15	21	94	189
15	22	22	44
15	23	103	206
15	24	183	368
15	25	186	373
15	26	183	368
15	27	113	226
15	28	128	256
15	29	113	226
15	30	181	363
15	31	113	226
15	32	104	208
15	33	76	151
15	34	108	215
15	35	31	63
15	36	76	151
15	37	81	163
15	38	84	167
15	39	126	252
15	40	115	231
15	41	81	163
15	42	77	155
15	43	72	144
15	44	91	181
15	45	131	262
15	46	149	299
15	47	54	108
15	48	98	196
15	49	91	181
15	50	79	158
15	51	61	122
15	52	59	119
15	53	19	38
15	54	61	122
15	55	198	396
15	56	266	532
15	57	122	245
15	58	134	269
15	59	198	396
15	60	24	48
15	61	88	176
15	62	106	213
15	63	146	292
15	64	108	216
15	65	97	194
15	66	84	169
15	67	106	213
16	0	69	138
16	1	82	164
16	2	38	75
16	3	84	167
16	4	84	169
16	5	26	51
16	6	82	164
16	7	127	254
16	8	99	198
16	9	164	328
16	10	131	262
16	11	124	247
16	12	127	254
16	13	94	189
16	14	50	100
16	15	94	189
16	16	0	0
16	17	58	116
16	18	22	44
16	19	41	82
16	20	23	46
16	21	0	0
16	22	114	227
16	23	108	216
16	24	134	269
16	25	139	278
16	26	134	269
16	27	147	293
16	28	147	294
16	29	118	237
16	30	230	459
16	31	147	293
16	32	153	306
16	33	20	41
16	34	54	107
16	35	98	196
16	36	20	41
16	37	65	130
16	38	104	207
16	39	87	174
16	40	91	182
16	41	65	130
16	42	88	176
16	43	91	181
16	44	43	85
16	45	107	214
16	46	62	124
16	47	66	131
16	48	55	110
16	49	43	85
16	50	47	94
16	51	104	208
16	52	111	221
16	53	111	223
16	54	104	208
16	55	110	219
16	56	184	369
16	57	28	57
16	58	40	80
16	59	110	219
16	60	82	164
16	61	64	128
16	62	153	305
16	63	194	388
16	64	151	301
16	65	138	275
16	66	86	171
16	67	153	305
17	0	99	197
17	1	121	241
17	2	95	190
17	3	133	266
17	4	123	247
17	5	68	136
17	6	121	241
17	7	183	367
17	8	152	304
17	9	216	433
17	10	187	375
17	11	180	360
17	12	183	367
17	13	113	227
17	14	83	166
17	15	113	227
17	16	58	116
17	17	0	0
17	18	61	123
17	19	82	163
17	20	42	83
17	21	58	116
17	22	125	251
17	23	162	324
17	24	79	157
17	25	83	165
17	26	79	157
17	27	196	392
17	28	199	400
17	29	173	346
17	30	277	555
17	31	196	392
17	32	198	396
17	33	55	111
17	34	6	12
17	35	99	199
17	36	55	111
17	37	38	75
17	38	73	146
17	39	30	59
17	40	39	77
17	41	38	75
17	42	138	277
17	43	139	279
17	44	24	48
17	45	52	104
17	46	54	108
17	47	61	123
17	48	16	32
17	49	24	48
17	50	101	202
17	51	147	294
17	52	96	193
17	53	132	264
17	54	147	294
17	55	144	288
17	56	222	443
17	57	60	120
17	58	67	134
17	59	144	288
17	60	113	226
17	61	120	239
17	62	199	398
17	63	241	482
17	64	198	396
17	65	185	369
17	66	138	277
17	67	199	398
18	0	48	96
18	1	64	127
18	2	38	77
18	3	72	143
18	4	66	132
18	5	7	13
18	6	64	127
18	7	123	247
18	8	91	181
18	9	155	310
18	10	127	254
18	11	120	240
18	12	123	247
18	13	72	145
18	14	29	58
18	15	72	145
18	16	22	44
18	17	61	123
18	18	0	0
18	19	63	125
18	20	20	40
18	21	22	44
18	22	92	183
18	23	101	201
18	24	140	280
18	25	144	288
18	26	140	280
18	27	135	269
18	28	138	277
18	29	112	223
18	30	217	434
18	31	135	269
18	32	139	277
18	33	6	12
18	34	56	112
18	35	77	154
18	36	6	12
18	37	55	110
18	38	89	179
18	39	87	174
18	40	87	174
18	41	55	110
18	42	77	154
18	43	78	156
18	44	40	79
18	45	104	209
18	46	80	161
18	47	48	95
18	48	53	105
18	49	40	79
18	50	41	82
18	51	88	176
18	52	92	184
18	53	90	179
18	54	88	176
18	55	130	261
18	56	203	407
18	57	50	101
18	58	62	124
18	59	130	261
18	60	61	123
18	61	60	119
18	62	139	278
18	63	180	361
18	64	137	275
18	65	124	248
18	66	77	154
18	67	139	278
19	0	106	213
19	1	114	228
19	2	54	108
19	3	105	210
19	4	116	231
19	5	64	129
19	6	114	228
19	7	130	261
19	8	113	226
19	9	175	350
19	10	134	270
19	11	127	255
19	12	130	261
19	13	133	266
19	14	88	176
19	15	133	266
19	16	41	82
19	17	82	163
19	18	63	125
19	19	0	0
19	20	61	123
19	21	41	82
19	22	153	307
19	23	120	239
19	24	145	291
19	25	150	301
19	26	145	291
19	27	163	326
19	28	158	315
19	29	128	256
19	30	246	492
19	31	163	326
19	32	174	349
19	33	61	123
19	34	80	160
19	35	139	278
19	36	61	123
19	37	102	203
19	38	141	283
19	39	111	221
19	40	120	240
19	41	102	203
19	42	107	215
19	43	112	225
19	44	76	152
19	45	134	267
19	46	52	104
19	47	106	213
19	48	86	172
19	49	76	152
19	50	68	135
19	51	130	261
19	52	151	303
19	53	149	298
19	54	130	261
19	55	69	138
19	56	145	290
19	57	22	43
19	58	18	37
19	59	69	138
19	60	118	236
19	61	78	155
19	62	173	346
19	63	212	424
19	64	170	340
19	65	158	316
19	66	102	204
19	67	173	346
20	0	63	127
20	1	82	164
20	2	55	110
20	3	92	183
20	4	85	169
20	5	27	53
20	6	82	164
20	7	142	285
20	8	111	221
20	9	175	350
20	10	146	293
20	11	139	278
20	12	142	285
20	13	84	169
20	14	45	91
20	15	84	169
20	16	23	46
20	17	42	83
20	18	20	40
20	19	61	123
20	20	0	0
20	21	23	46
20	22	101	203
20	23	120	241
20	24	120	240
20	25	124	248
20	26	120	240
20	27	155	309
20	28	158	317
20	29	131	263
20	30	237	474
20	31	155	309
20	32	158	317
20	33	14	28
20	34	36	72
20	35	81	163
20	36	14	28
20	37	42	85
20	38	81	162
20	39	68	137
20	40	70	140
20	41	42	85
20	42	97	194
20	43	98	196
20	44	21	42
20	45	86	173
20	46	65	131
20	47	46	91
20	48	34	68
20	49	21	42
20	50	60	120
20	51	108	215
20	52	90	181
20	53	103	205
20	54	108	215
20	55	130	260
20	56	206	412
20	57	44	87
20	58	55	110
20	59	130	260
20	60	78	156
20	61	78	157
20	62	159	317
20	63	200	401
20	64	157	315
20	65	144	288
20	66	97	194
20	67	159	317
21	0	69	138
21	1	82	164
21	2	38	75
21	3	84	167
21	4	84	169
21	5	26	51
21	6	82	164
21	7	127	254
21	8	99	198
21	9	164	328
21	10	131	262
21	11	124	247
21	12	127	254
21	13	94	189
21	14	50	100
21	15	94	189
21	16	0	0
21	17	58	116
21	18	22	44
21	19	41	82
21	20	23	46
21	21	0	0
21	22	114	227
21	23	108	216
21	24	134	269
21	25	139	278
21	26	134	269
21	27	147	293
21	28	147	294
21	29	118	237
21	30	230	459
21	31	147	293
21	32	153	306
21	33	20	41
21	34	54	107
21	35	98	196
21	36	20	41
21	37	65	130
21	38	104	207
21	39	87	174
21	40	91	182
21	41	65	130
21	42	88	176
21	43	91	181
21	44	43	85
21	45	107	214
21	46	62	124
21	47	66	131
21	48	55	110
21	49	43	85
21	50	47	94
21	51	104	208
21	52	111	221
21	53	111	223
21	54	104	208
21	55	110	219
21	56	184	369
21	57	28	57
21	58	40	80
21	59	110	219
21	60	82	164
21	61	64	128
21	62	153	305
21	63	194	388
21	64	151	301
21	65	138	275
21	66	86	171
21	67	153	305
22	0	49	99
22	1	59	118
22	2	110	222
22	3	91	182
22	4	61	121
22	5	89	178
22	6	59	118
22	7	150	300
22	8	113	225
22	9	152	305
22	10	151	303
22	11	147	295
22	12	150	300
22	13	22	44
22	14	66	131
22	15	22	44
22	16	114	227
22	17	125	251
22	18	92	183
22	19	153	307
22	20	101	203
22	21	114	227
22	22	0	0
22	23	121	243
22	24	191	382
22	25	193	386
22	26	191	382
22	27	125	251
22	28	142	285
22	29	130	261
22	30	187	373
22	31	125	251
22	32	113	226
22	33	94	188
22	34	120	240
22	35	29	58
22	36	94	188
22	37	91	181
22	38	83	165
22	39	134	268
22	40	121	243
22	41	91	181
22	42	97	194
22	43	91	181
22	44	104	209
22	45	135	271
22	46	166	333
22	47	64	129
22	48	109	219
22	49	104	209
22	50	101	202
22	51	76	152
22	52	53	106
22	53	20	39
22	54	76	152
22	55	219	438
22	56	287	576
22	57	142	283
22	58	153	307
22	59	219	438
22	60	45	89
22	61	110	219
22	62	116	232
22	63	152	305
22	64	119	237
22	65	108	217
22	66	104	209
22	67	116	232
23	0	85	171
23	1	64	128
23	2	71	142
23	3	33	67
23	4	62	124
23	5	94	188
23	6	64	128
23	7	29	58
23	8	10	21
23	9	56	113
23	10	31	62
23	11	26	53
23	12	29	58
23	13	103	206
23	14	88	176
23	15	103	206
23	16	108	216
23	17	162	324
23	18	101	201
23	19	120	239
23	20	120	241
23	21	108	216
23	22	121	243
23	23	0	0
23	24	240	481
23	25	244	489
23	26	240	481
23	27	45	90
23	28	39	78
23	29	11	22
23	30	127	253
23	31	45	90
23	32	62	124
23	33	107	213
23	34	156	313
23	35	132	264
23	36	107	213
23	37	150	301
23	38	173	348
23	39	188	375
23	40	186	372
23	41	150	301
23	42	27	54
23	43	31	62
23	44	140	280
23	45	203	406
23	46	165	330
23	47	131	262
23	48	153	306
23	49	140	280
23	50	61	123
23	51	47	94
23	52	159	318
23	53	104	207
23	54	47	94
23	55	156	311
23	56	201	403
23	57	127	253
23	58	134	267
23	59	156	311
23	60	80	160
23	61	44	89
23	62	59	118
23	63	94	187
23	64	55	109
23	65	45	91
23	66	24	48
23	67	59	118
24	0	174	349
24	1	198	395
24	2	172	344
24	3	212	423
24	4	200	401
24	5	147	293
24	6	198	395
24	7	261	523
24	8	231	461
24	9	295	590
24	10	265	531
24	11	258	516
24	12	261	523
24	13	183	368
24	14	160	321
24	15	183	368
24	16	134	269
24	17	79	157
24	18	140	280
24	19	145	291
24	20	120	240
24	21	134	269
24	22	191	382
24	23	240	481
24	24	0	0
24	25	5	10
24	26	0	0
24	27	275	549
24	28	278	557
24	29	251	503
24	30	355	710
24	31	275	549
24	32	275	551
24	33	134	268
24	34	84	169
24	35	162	324
24	36	134	268
24	37	102	205
24	38	115	229
24	39	58	116
24	40	70	140
24	41	102	205
24	42	217	434
24	43	218	436
24	44	102	204
24	45	58	116
24	46	96	192
24	47	129	260
24	48	90	180
24	49	102	204
24	50	179	359
24	51	224	449
24	52	147	295
24	53	202	404
24	54	224	449
24	55	190	380
24	56	264	528
24	57	126	253
24	58	127	254
24	59	190	380
24	60	189	377
24	61	198	395
24	62	276	553
24	63	318	637
24	64	276	552
24	65	263	526
24	66	217	434
24	67	276	553
25	0	178	355
25	1	201	402
25	2	176	353
25	3	216	431
25	4	204	408
25	5	151	301
25	6	201	402
25	7	265	531
25	8	235	469
25	9	299	598
25	10	269	539
25	11	262	524
25	12	265	531
25	13	186	373
25	14	164	328
25	15	186	373
25	16	139	278
25	17	83	165
25	18	144	288
25	19	150	301
25	20	124	248
25	21	139	278
25	22	193	386
25	23	244	489
25	24	5	10
25	25	0	0
25	26	5	10
25	27	278	557
25	28	282	565
25	29	255	511
25	30	359	717
25	31	278	557
25	32	279	558
25	33	138	276
25	34	88	177
25	35	164	328
25	36	138	276
25	37	105	210
25	38	116	231
25	39	61	121
25	40	72	143
25	41	105	210
25	42	221	442
25	43	222	444
25	44	105	211
25	45	59	118
25	46	101	202
25	47	132	265
25	48	94	187
25	49	105	211
25	50	184	367
25	51	228	456
25	52	148	297
25	53	204	409
25	54	228	456
25	55	195	390
25	56	269	538
25	57	131	262
25	58	132	264
25	59	195	390
25	60	192	383
25	61	202	404
25	62	280	560
25	63	322	644
25	64	279	559
25	65	266	533
25	66	221	442
25	67	280	560
26	0	174	349
26	1	198	395
26	2	172	344
26	3	212	423
26	4	200	401
26	5	147	293
26	6	198	395
26	7	261	523
26	8	231	461
26	9	295	590
26	10	265	531
26	11	258	516
26	12	261	523
26	13	183	368
26	14	160	321
26	15	183	368
26	16	134	269
26	17	79	157
26	18	140	280
26	19	145	291
26	20	120	240
26	21	134	269
26	22	191	382
26	23	240	481
26	24	0	0
26	25	5	10
26	26	0	0
26	27	275	549
26	28	278	557
26	29	251	503
26	30	355	710
26	31	275	549
26	32	275	551
26	33	134	268
26	34	84	169
26	35	162	324
26	36	134	268
26	37	102	205
26	38	115	229
26	39	58	116
26	40	70	140
26	41	102	205
26	42	217	434
26	43	218	436
26	44	102	204
26	45	58	116
26	46	96	192
26	47	129	260
26	48	90	180
26	49	102	204
26	50	179	359
26	51	224	449
26	52	147	295
26	53	202	404
26	54	224	449
26	55	190	380
26	56	264	528
26	57	126	253
26	58	127	254
26	59	190	380
26	60	189	377
26	61	198	395
26	62	276	553
26	63	318	637
26	64	276	552
26	65	263	526
26	66	217	434
26	67	276	553
27	0	106	211
27	1	81	162
27	2	112	224
27	3	63	127
27	4	78	156
27	5	128	256
27	6	81	162
27	7	53	107
27	8	50	101
27	9	27	54
27	10	51	102
27	11	54	108
27	12	53	107
27	13	113	226
27	14	116	231
27	15	113	226
27	16	147	293
27	17	196	392
27	18	135	269
27	19	163	326
27	20	155	309
27	21	147	293
27	22	125	251
27	23	45	90
27	24	275	549
27	25	278	557
27	26	275	549
27	27	0	0
27	28	23	46
27	29	40	80
27	30	83	167
27	31	0	0
27	32	23	46
27	33	141	281
27	34	191	381
27	35	144	289
27	36	141	281
27	37	178	357
27	38	194	388
27	39	220	439
27	40	214	429
27	41	178	357
27	42	59	117
27	43	57	113
27	44	173	346
27	45	231	464
27	46	206	413
27	47	154	309
27	48	185	370
27	49	173	346
27	50	100	200
27	51	54	107
27	52	172	345
27	53	106	212
27	54	54	107
27	55	200	401
27	56	242	483
27	57	168	337
27	58	176	353
27	59	200	401
27	60	95	190
27	61	86	172
27	62	19	38
27	63	49	98
27	64	13	27
27	65	17	34
27	66	62	124
27	67	19	38
28	0	117	233
28	1	92	184
28	2	110	220
28	3	68	135
28	4	90	179
28	5	132	264
28	6	92	184
28	7	35	69
28	8	48	96
28	9	17	35
28	10	31	63
28	11	37	73
28	12	35	69
28	13	128	256
28	14	122	246
28	15	128	256
28	16	147	294
28	17	199	400
28	18	138	277
28	19	158	315
28	20	158	317
28	21	147	294
28	22	142	285
28	23	39	78
28	24	278	557
28	25	282	565
28	26	278	557
28	27	23	46
28	28	0	0
28	29	30	59
28	30	90	180
28	31	23	46
28	32	46	92
28	33	144	289
28	34	194	389
28	35	159	318
28	36	144	289
28	37	185	372
28	38	206	411
28	39	225	450
28	40	221	443
28	41	185	372
28	42	62	123
28	43	62	125
28	44	178	356
28	45	238	478
28	46	204	408
28	47	164	329
28	48	190	381
28	49	178	356
28	50	100	200
28	51	67	134
28	52	187	374
28	53	123	246
28	54	67	134
28	55	188	375
28	56	223	447
28	57	166	331
28	58	172	345
28	59	188	375
28	60	107	215
28	61	83	167
28	62	42	84
28	63	61	122
28	64	36	72
28	65	38	75
28	66	62	123
28	67	42	84
29	0	96	193
29	1	74	148
29	2	81	162
29	3	44	89
29	4	72	144
29	5	105	210
29	6	74	148
29	7	20	40
29	8	21	43
29	9	47	94
29	10	21	42
29	11	19	38
29	12	20	40
29	13	113	226
29	14	99	198
29	15	113	226
29	16	118	237
29	17	173	346
29	18	112	223
29	19	128	256
29	20	131	263
29	21	118	237
29	22	130	261
29	23	11	22
29	24	251	503
29	25	255	511
29	26	251	503
29	27	40	80
29	28	30	59
29	29	0	0
29	30	119	238
29	31	40	80
29	32	60	120
29	33	118	235
29	34	167	335
29	35	142	284
29	36	118	235
29	37	161	323
29	38	184	369
29	39	199	397
29	40	197	394
29	41	161	323
29	42	38	75
29	43	41	83
29	44	151	302
29	45	214	428
29	46	175	349
29	47	142	284
29	48	164	328
29	49	151	302
29	50	72	144
29	51	55	110
29	52	169	339
29	53	112	224
29	54	55	110
29	55	161	321
29	56	202	404
29	57	136	272
29	58	143	286
29	59	161	321
29	60	90	180
29	61	55	109
29	62	57	113
29	63	87	175
29	64	52	103
29	65	45	89
29	66	35	70
29	67	57	113
30	0	182	365
30	1	158	316
30	2	195	390
30	3	146	292
30	4	155	310
30	5	210	421
30	6	158	316
30	7	123	246
30	8	133	267
30	9	74	147
30	10	119	238
30	11	126	251
30	12	123	246
30	13	181	363
30	14	195	390
30	15	181	363
30	16	230	459
30	17	277	555
30	18	217	434
30	19	246	492
30	20	237	474
30	21	230	459
30	22	187	373
30	23	127	253
30	24	355	710
30	25	359	717
30	26	355	710
30	27	83	167
30	28	90	180
30	29	119	238
30	30	0	0
30	31	83	167
30	32	80	159
30	33	223	446
30	34	272	543
30	35	212	424
30	36	223	446
30	37	256	512
30	38	265	530
30	39	299	597
30	40	292	584
30	41	256	512
30	42	142	284
30	43	139	278
30	44	254	507
30	45	309	618
30	46	289	579
30	47	230	461
30	48	265	530
30	49	254	507
30	50	183	367
30	51	131	261
30	52	239	478
30	53	168	337
30	54	131	261
30	55	277	554
30	56	307	614
30	57	251	503
30	58	259	519
30	59	277	554
30	60	169	338
30	61	169	338
30	62	79	157
30	63	37	73
30	64	80	159
30	65	93	186
30	66	145	290
30	67	79	157
31	0	106	211
31	1	81	162
31	2	112	224
31	3	63	127
31	4	78	156
31	5	128	256
31	6	81	162
31	7	53	107
31	8	50	101
31	9	27	54
31	10	51	102
31	11	54	108
31	12	53	107
31	13	113	226
31	14	116	231
31	15	113	226
31	16	147	293
31	17	196	392
31	18	135	269
31	19	163	326
31	20	155	309
31	21	147	293
31	22	125	251
31	23	45	90
31	24	275	549
31	25	278	557
31	26	275	549
31	27	0	0
31	28	23	46
31	29	40	80
31	30	83	167
31	31	0	0
31	32	23	46
31	33	141	281
31	34	191	381
31	35	144	289
31	36	141	281
31	37	178	357
31	38	194	388
31	39	220	439
31	40	214	429
31	41	178	357
31	42	59	117
31	43	57	113
31	44	173	346
31	45	231	464
31	46	206	413
31	47	154	309
31	48	185	370
31	49	173	346
31	50	100	200
31	51	54	107
31	52	172	345
31	53	106	212
31	54	54	107
31	55	200	401
31	56	242	483
31	57	168	337
31	58	176	353
31	59	200	401
31	60	95	190
31	61	86	172
31	62	19	38
31	63	49	98
31	64	13	27
31	65	17	34
31	66	62	124
31	67	19	38
32	0	103	206
32	1	79	157
32	2	121	242
32	3	70	140
32	4	76	151
32	5	132	264
32	6	79	157
32	7	76	151
32	8	64	129
32	9	46	92
32	10	74	147
32	11	76	152
32	12	76	151
32	13	104	208
32	14	115	231
32	15	104	208
32	16	153	306
32	17	198	396
32	18	139	277
32	19	174	349
32	20	158	317
32	21	153	306
32	22	113	226
32	23	62	124
32	24	275	551
32	25	279	558
32	26	275	551
32	27	23	46
32	28	46	92
32	29	60	120
32	30	80	159
32	31	23	46
32	32	0	0
32	33	145	289
32	34	192	385
32	35	135	271
32	36	145	289
32	37	177	353
32	38	187	375
32	39	219	438
32	40	213	425
32	41	177	353
32	42	67	134
32	43	63	126
32	44	174	349
32	45	230	459
32	46	214	429
32	47	151	302
32	48	185	371
32	49	174	349
32	50	108	217
32	51	51	102
32	52	163	326
32	53	94	187
32	54	51	102
32	55	217	434
32	56	262	524
32	57	177	354
32	58	186	371
32	59	217	434
32	60	90	180
32	61	97	194
32	62	4	8
32	63	43	86
32	64	10	20
32	65	17	34
32	66	73	146
32	67	4	8
33	0	52	104
33	1	69	139
33	2	43	86
33	3	78	155
33	4	72	143
33	5	13	25
33	6	69	139
33	7	129	258
33	8	97	193
33	9	161	322
33	10	133	266
33	11	126	251
33	12	129	258
33	13	76	151
33	14	33	67
33	15	76	151
33	16	20	41
33	17	55	111
33	18	6	12
33	19	61	123
33	20	14	28
33	21	20	41
33	22	94	188
33	23	107	213
33	24	134	268
33	25	138	276
33	26	134	268
33	27	141	281
33	28	144	289
33	29	118	235
33	30	223	446
33	31	141	281
33	32	145	289
33	33	0	0
33	34	50	100
33	35	78	155
33	36	0	0
33	37	51	101
33	38	86	173
33	39	81	163
33	40	82	163
33	41	51	101
33	42	83	166
33	43	84	168
33	44	34	68
33	45	99	197
33	46	76	151
33	47	46	92
33	48	47	94
33	49	34	68
33	50	47	93
33	51	94	188
33	52	91	182
33	53	93	187
33	54	94	188
33	55	130	260
33	56	204	408
33	57	48	95
33	58	59	119
33	59	130	260
33	60	66	132
33	61	65	130
33	62	145	290
33	63	186	373
33	64	143	287
33	65	130	260
33	66	83	166
33	67	145	290
34	0	93	185
34	1	115	229
34	2	90	180
34	3	128	255
34	4	117	235
34	5	63	125
34	6	115	229
34	7	178	357
34	8	147	293
34	9	211	422
34	10	182	365
34	11	175	350
34	12	178	357
34	13	108	215
34	14	77	154
34	15	108	215
34	16	54	107
34	17	6	12
34	18	56	112
34	19	80	160
34	20	36	72
34	21	54	107
34	22	120	240
34	23	156	313
34	24	84	169
34	25	88	177
34	26	84	169
34	27	191	381
34	28	194	389
34	29	167	335
34	30	272	543
34	31	191	381
34	32	192	385
34	33	50	100
34	34	0	0
34	35	94	189
34	36	50	100
34	37	33	67
34	38	70	141
34	39	33	67
34	40	40	80
34	41	33	67
34	42	133	266
34	43	134	268
34	44	18	36
34	45	54	109
34	46	56	112
34	47	56	112
34	48	11	23
34	49	18	36
34	50	96	192
34	51	141	283
34	52	92	185
34	53	126	253
34	54	141	283
34	55	144	287
34	56	221	443
34	57	58	117
34	58	66	132
34	59	144	287
34	60	107	214
34	61	114	229
34	62	193	386
34	63	235	470
34	64	192	384
34	65	179	358
34	66	133	266
34	67	193	386
35	0	48	96
35	1	68	136
35	2	105	209
35	3	99	198
35	4	70	140
35	5	76	153
35	6	68	136
35	7	160	321
35	8	122	244
35	9	171	342
35	10	163	325
35	11	158	315
35	12	160	321
35	13	31	63
35	14	57	114
35	15	31	63
35	16	98	196
35	17	99	199
35	18	77	154
35	19	139	278
35	20	81	163
35	21	98	196
35	22	29	58
35	23	132	264
35	24	162	324
35	25	164	328
35	26	162	324
35	27	144	289
35	28	159	318
35	29	142	284
35	30	212	424
35	31	144	289
35	32	135	271
35	33	78	155
35	34	94	189
35	35	0	0
35	36	78	155
35	37	63	126
35	38	54	109
35	39	106	211
35	40	92	185
35	41	63	126
35	42	106	211
35	43	101	202
35	44	80	160
35	45	106	213
35	46	144	289
35	47	39	77
35	48	83	167
35	49	80	160
35	50	97	195
35	51	92	184
35	52	28	56
35	53	44	88
35	54	92	184
35	55	207	414
35	56	279	559
35	57	124	249
35	58	136	272
35	59	207	414
35	60	52	104
35	61	110	221
35	62	137	275
35	63	177	353
35	64	139	279
35	65	128	256
35	66	112	223
35	67	137	275
36	0	52	104
36	1	69	139
36	2	43	86
36	3	78	155
36	4	72	143
36	5	13	25
36	6	69	139
36	7	129	258
36	8	97	193
36	9	161	322
36	10	133	266
36	11	126	251
36	12	129	258
36	13	76	151
36	14	33	67
36	15	76	151
36	16	20	41
36	17	55	111
36	18	6	12
36	19	61	123
36	20	14	28
36	21	20	41
36	22	94	188
36	23	107	213
36	24	134	268
36	25	138	276
36	26	134	268
36	27	141	281
36	28	144	289
36	29	118	235
36	30	223	446
36	31	141	281
36	32	145	289
36	33	0	0
36	34	50	100
36	35	78	155
36	36	0	0
36	37	51	101
36	38	86	173
36	39	81	163
36	40	82	163
36	41	51	101
36	42	83	166
36	43	84	168
36	44	34	68
36	45	99	197
36	46	76	151
36	47	46	92
36	48	47	94
36	49	34	68
36	50	47	93
36	51	94	188
36	52	91	182
36	53	93	187
36	54	94	188
36	55	130	260
36	56	204	408
36	57	48	95
36	58	59	119
36	59	130	260
36	60	66	132
36	61	65	130
36	62	145	290
36	63	186	373
36	64	143	287
36	65	130	260
36	66	83	166
36	67	145	290
37	0	74	148
37	1	98	196
37	2	93	187
37	3	118	237
37	4	101	202
37	5	60	120
37	6	98	196
37	7	176	352
37	8	140	281
37	9	201	403
37	10	179	359
37	11	173	345
37	12	176	352
37	13	81	163
37	14	63	127
37	15	81	163
37	16	65	130
37	17	38	75
37	18	55	110
37	19	102	203
37	20	42	85
37	21	65	130
37	22	91	181
37	23	150	301
37	24	102	205
37	25	105	210
37	26	102	205
37	27	178	357
37	28	185	372
37	29	161	323
37	30	256	512
37	31	178	357
37	32	177	353
37	33	51	101
37	34	33	67
37	35	63	126
37	36	51	101
37	37	0	0
37	38	40	80
37	39	45	89
37	40	36	72
37	41	0	0
37	42	125	250
37	43	123	248
37	44	26	52
37	45	53	107
37	46	88	177
37	47	27	55
37	48	22	44
37	49	26	52
37	50	95	190
37	51	126	252
37	52	59	118
37	53	100	200
37	54	126	252
37	55	169	338
37	56	246	492
37	57	81	163
37	58	91	183
37	59	169	338
37	60	87	175
37	61	113	226
37	62	178	355
37	63	220	439
37	64	178	355
37	65	165	329
37	66	127	254
37	67	178	355
38	0	89	178
38	1	114	227
38	2	127	254
38	3	140	281
38	4	116	232
38	5	93	186
38	6	114	227
38	7	201	402
38	8	163	327
38	9	219	438
38	10	204	408
38	11	198	396
38	12	201	402
38	13	84	167
38	14	87	174
38	15	84	167
38	16	104	207
38	17	73	146
38	18	89	179
38	19	141	283
38	20	81	162
38	21	104	207
38	22	83	165
38	23	173	348
38	24	115	229
38	25	116	231
38	26	115	229
38	27	194	388
38	28	206	411
38	29	184	369
38	30	265	530
38	31	194	388
38	32	187	375
38	33	86	173
38	34	70	141
38	35	54	109
38	36	86	173
38	37	40	80
38	38	0	0
38	39	64	129
38	40	47	95
38	41	40	80
38	42	147	294
38	43	144	288
38	44	66	132
38	45	57	113
38	46	126	253
38	47	44	88
38	48	60	120
38	49	66	132
38	50	125	250
38	51	140	281
38	52	33	66
38	53	98	197
38	54	140	281
38	55	209	418
38	56	286	572
38	57	121	243
38	58	131	263
38	59	209	418
38	60	99	198
38	61	142	284
38	62	189	379
38	63	229	459
38	64	191	381
38	65	179	357
38	66	151	302
38	67	189	379
39	0	117	234
39	1	141	282
39	2	123	246
39	3	158	315
39	4	144	287
39	5	94	187
39	6	141	282
39	7	210	421
39	8	178	355
39	9	241	482
39	10	214	428
39	11	207	414
39	12	210	421
39	13	126	252
39	14	104	208
39	15	126	252
39	16	87	174
39	17	30	59
39	18	87	174
39	19	111	221
39	20	68	137
39	21	87	174
39	22	134	268
39	23	188	375
39	24	58	116
39	25	61	121
39	26	58	116
39	27	220	439
39	28	225	450
39	29	199	397
39	30	299	597
39	31	220	439
39	32	219	438
39	33	81	163
39	34	33	67
39	35	106	211
39	36	81	163
39	37	45	89
39	38	64	129
39	39	0	0
39	40	18	35
39	41	45	89
39	42	164	327
39	43	164	327
39	44	48	95
39	45	23	47
39	46	76	151
39	47	72	144
39	48	35	70
39	49	48	95
39	50	128	256
39	51	168	337
39	52	94	189
39	53	144	289
39	54	168	337
39	55	170	341
39	56	248	496
39	57	89	179
39	58	95	190
39	59	170	341
39	60	131	262
39	61	146	293
39	62	220	440
39	63	262	524
39	64	220	440
39	65	207	413
39	66	164	328
39	67	220	440
40	0	110	220
40	1	134	268
40	2	125	249
40	3	154	308
40	4	137	274
40	5	93	186
40	6	134	268
40	7	210	420
40	8	176	351
40	9	237	474
40	10	214	427
40	11	207	414
40	12	210	420
40	13	115	231
40	14	99	198
40	15	115	231
40	16	91	182
40	17	39	77
40	18	87	174
40	19	120	240
40	20	70	140
40	21	91	182
40	22	121	243
40	23	186	372
40	24	70	140
40	25	72	143
40	26	70	140
40	27	214	429
40	28	221	443
40	29	197	394
40	30	292	584
40	31	214	429
40	32	213	425
40	33	82	163
40	34	40	80
40	35	92	185
40	36	82	163
40	37	36	72
40	38	47	95
40	39	18	35
40	40	0	0
40	41	36	72
40	42	160	321
40	43	159	319
40	44	49	98
40	45	17	35
40	46	90	180
40	47	62	124
40	48	36	72
40	49	49	98
40	50	128	256
40	51	162	324
40	52	79	157
40	53	133	266
40	54	162	324
40	55	183	365
40	56	260	520
40	57	98	197
40	58	106	211
40	59	183	365
40	60	123	246
40	61	146	293
40	62	214	427
40	63	256	511
40	64	214	427
40	65	201	401
40	66	162	324
40	67	214	427
41	0	74	148
41	1	98	196
41	2	93	187
41	3	118	237
41	4	101	202
41	5	60	120
41	6	98	196
41	7	176	352
41	8	140	281
41	9	201	403
41	10	179	359
41	11	173	345
41	12	176	352
41	13	81	163
41	14	63	127
41	15	81	163
41	16	65	130
41	17	38	75
41	18	55	110
41	19	102	203
41	20	42	85
41	21	65	130
41	22	91	181
41	23	150	301
41	24	102	205
41	25	105	210
41	26	102	205
41	27	178	357
41	28	185	372
41	29	161	323
41	30	256	512
41	31	178	357
41	32	177	353
41	33	51	101
41	34	33	67
41	35	63	126
41	36	51	101
41	37	0	0
41	38	40	80
41	39	45	89
41	40	36	72
41	41	0	0
41	42	125	250
41	43	123	248
41	44	26	52
41	45	53	107
41	46	88	177
41	47	27	55
41	48	22	44
41	49	26	52
41	50	95	190
41	51	126	252
41	52	59	118
41	53	100	200
41	54	126	252
41	55	169	338
41	56	246	492
41	57	81	163
41	58	91	183
41	59	169	338
41	60	87	175
41	61	113	226
41	62	178	355
41	63	220	439
41	64	178	355
41	65	165	329
41	66	127	254
41	67	178	355
42	0	59	118
42	1	38	77
42	2	54	108
42	3	7	14
42	4	37	73
42	5	71	141
42	6	38	77
42	7	55	110
42	8	17	33
42	9	78	156
42	10	57	115
42	11	52	104
42	12	55	110
42	13	77	155
42	14	62	124
42	15	77	155
42	16	88	176
42	17	138	277
42	18	77	154
42	19	107	215
42	20	97	194
42	21	88	176
42	22	97	194
42	23	27	54
42	24	217	434
42	25	221	442
42	26	217	434
42	27	59	117
42	28	62	123
42	29	38	75
42	30	142	284
42	31	59	117
42	32	67	134
42	33	83	166
42	34	133	266
42	35	106	211
42	36	83	166
42	37	125	250
42	38	147	294
42	39	164	327
42	40	160	321
42	41	125	250
42	42	0	0
42	43	8	15
42	44	116	233
42	45	177	356
42	46	148	297
42	47	104	209
42	48	129	258
42	49	116	233
42	50	42	84
42	51	30	59
42	52	133	265
42	53	81	161
42	54	30	59
42	55	154	308
42	56	209	417
42	57	110	221
42	58	119	237
42	59	154	308
42	60	54	108
42	61	30	61
42	62	66	132
42	63	106	213
42	64	63	127
42	65	51	101
42	66	9	17
42	67	66	132
43	0	55	110
43	1	33	66
43	2	58	117
43	3	7	15
43	4	31	62
43	5	72	143
43	6	33	66
43	7	60	120
43	8	22	44
43	9	78	156
43	10	62	124
43	11	57	115
43	12	60	120
43	13	72	144
43	14	60	121
43	15	72	144
43	16	91	181
43	17	139	279
43	18	78	156
43	19	112	225
43	20	98	196
43	21	91	181
43	22	91	181
43	23	31	62
43	24	218	436
43	25	222	444
43	26	218	436
43	27	57	113
43	28	62	125
43	29	41	83
43	30	139	278
43	31	57	113
43	32	63	126
43	33	84	168
43	34	134	268
43	35	101	202
43	36	84	168
43	37	123	248
43	38	144	288
43	39	164	327
43	40	159	319
43	41	123	248
43	42	8	15
43	43	0	0
43	44	117	233
43	45	176	354
43	46	151	303
43	47	102	204
43	48	129	258
43	49	117	233
43	50	45	91
43	51	22	44
43	52	128	256
43	53	74	148
43	54	22	44
43	55	161	322
43	56	216	432
43	57	114	228
43	58	123	246
43	59	161	322
43	60	49	98
43	61	36	73
43	62	62	124
43	63	103	207
43	64	60	120
43	65	47	94
43	66	16	32
43	67	62	124
44	0	75	150
44	1	97	193
44	2	76	152
44	3	111	221
44	4	99	199
44	5	46	92
44	6	97	193
44	7	163	326
44	8	130	260
44	9	194	388
44	10	167	333
44	11	160	319
44	12	163	326
44	13	91	181
44	14	59	118
44	15	91	181
44	16	43	85
44	17	24	48
44	18	40	79
44	19	76	152
44	20	21	42
44	21	43	85
44	22	104	209
44	23	140	280
44	24	102	204
44	25	105	211
44	26	102	204
44	27	173	346
44	28	178	356
44	29	151	302
44	30	254	507
44	31	173	346
44	32	174	349
44	33	34	68
44	34	18	36
44	35	80	160
44	36	34	68
44	37	26	52
44	38	66	132
44	39	48	95
44	40	49	98
44	41	26	52
44	42	116	233
44	43	117	233
44	44	0	0
44	45	65	131
44	46	65	130
44	47	41	83
44	48	13	26
44	49	0	0
44	50	81	161
44	51	123	247
44	52	82	165
44	53	110	219
44	54	123	247
44	55	143	286
44	56	220	441
44	57	56	111
44	58	65	131
44	59	143	286
44	60	89	179
44	61	99	198
44	62	175	350
44	63	217	434
44	64	174	349
44	65	161	322
44	66	117	233
44	67	175	350
45	0	127	254
45	1	151	303
45	2	141	283
45	3	171	343
45	4	154	309
45	5	110	220
45	6	151	303
45	7	227	455
45	8	193	386
45	9	254	509
45	10	231	462
45	11	224	448
45	12	227	455
45	13	131	262
45	14	116	233
45	15	131	262
45	16	107	214
45	17	52	104
45	18	104	209
45	19	134	267
45	20	86	173
45	21	107	214
45	22	135	271
45	23	203	406
45	24	58	116
45	25	59	118
45	26	58	116
45	27	231	464
45	28	238	478
45	29	214	428
45	30	309	618
45	31	231	464
45	32	230	459
45	33	99	197
45	34	54	109
45	35	106	213
45	36	99	197
45	37	53	107
45	38	57	113
45	39	23	47
45	40	17	35
45	41	53	107
45	42	177	356
45	43	176	354
45	44	65	131
45	45	0	0
45	46	99	198
45	47	79	158
45	48	52	105
45	49	65	131
45	50	145	290
45	51	179	359
45	52	89	179
45	53	148	297
45	54	179	359
45	55	193	388
45	56	271	543
45	57	112	224
45	58	118	236
45	59	193	388
45	60	140	280
45	61	163	327
45	62	231	462
45	63	273	545
45	64	231	462
45	65	218	436
45	66	179	359
45	67	231	462
46	0	128	255
46	1	144	287
46	2	95	189
46	3	144	289
46	4	146	292
46	5	86	172
46	6	144	287
46	7	180	360
46	8	157	314
46	9	221	443
46	10	184	369
46	11	177	353
46	12	180	360
46	13	149	299
46	14	109	218
46	15	149	299
46	16	62	124
46	17	54	108
46	18	80	161
46	19	52	104
46	20	65	131
46	21	62	124
46	22	166	333
46	23	165	330
46	24	96	192
46	25	101	202
46	26	96	192
46	27	206	413
46	28	204	408
46	29	175	349
46	30	289	579
46	31	206	413
46	32	214	429
46	33	76	151
46	34	56	112
46	35	144	289
46	36	76	151
46	37	88	177
46	38	126	253
46	39	76	151
46	40	90	180
46	41	88	177
46	42	148	297
46	43	151	303
46	44	65	130
46	45	99	198
46	46	0	0
46	47	106	212
46	48	67	133
46	49	65	130
46	50	106	213
46	51	166	332
46	52	147	294
46	53	168	336
46	54	166	332
46	55	97	194
46	56	174	347
46	57	39	77
46	58	34	68
46	59	97	194
46	60	141	283
46	61	121	242
46	62	213	427
46	63	254	509
46	64	211	423
46	65	198	397
46	66	145	289
46	67	213	427
47	0	49	98
47	1	74	147
47	2	83	167
47	3	98	195
47	4	76	153
47	5	50	100
47	6	74	147
47	7	158	315
47	8	121	241
47	9	179	358
47	10	161	321
47	11	155	309
47	12	158	315
47	13	54	108
47	14	43	86
47	15	54	108
47	16	66	131
47	17	61	123
47	18	48	95
47	19	106	213
47	20	46	91
47	21	66	131
47	22	64	129
47	23	131	262
47	24	129	260
47	25	132	265
47	26	129	260
47	27	154	309
47	28	164	329
47	29	142	284
47	30	230	461
47	31	154	309
47	32	151	302
47	33	46	92
47	34	56	112
47	35	39	77
47	36	46	92
47	37	27	55
47	38	44	88
47	39	72	144
47	40	62	124
47	41	27	55
47	42	104	209
47	43	102	204
47	44	41	83
47	45	79	158
47	46	106	212
47	47	0	0
47	48	45	91
47	49	41	83
47	50	81	162
47	51	101	203
47	52	45	90
47	53	73	145
47	54	101	203
47	55	175	350
47	56	250	500
47	57	89	178
47	58	101	201
47	59	175	350
47	60	61	123
47	61	98	196
47	62	152	305
47	63	194	388
47	64	153	306
47	65	140	280
47	66	108	215
47	67	152	305
48	0	85	169
48	1	108	215
48	2	89	178
48	3	123	246
48	4	110	221
48	5	59	118
48	6	108	215
48	7	176	352
48	8	143	286
48	9	207	413
48	10	180	359
48	11	173	345
48	12	176	352
48	13	98	196
48	14	70	141
48	15	98	196
48	16	55	110
48	17	16	32
48	18	53	105
48	19	86	172
48	20	34	68
48	21	55	110
48	22	109	219
48	23	153	306
48	24	90	180
48	25	94	187
48	26	90	180
48	27	185	370
48	28	190	381
48	29	164	328
48	30	265	530
48	31	185	370
48	32	185	371
48	33	47	94
48	34	11	23
48	35	83	167
48	36	47	94
48	37	22	44
48	38	60	120
48	39	35	70
48	40	36	72
48	41	22	44
48	42	129	258
48	43	129	258
48	44	13	26
48	45	52	105
48	46	67	133
48	47	45	91
48	48	0	0
48	49	13	26
48	50	94	187
48	51	134	269
48	52	81	162
48	53	117	233
48	54	134	269
48	55	151	303
48	56	229	458
48	57	65	129
48	58	73	147
48	59	151	303
48	60	99	198
48	61	112	224
48	62	186	373
48	63	228	457
48	64	186	372
48	65	173	346
48	66	129	259
48	67	186	373
49	0	75	150
49	1	97	193
49	2	76	152
49	3	111	221
49	4	99	199
49	5	46	92
49	6	97	193
49	7	163	326
49	8	130	260
49	9	194	388
49	10	167	333
49	11	160	319
49	12	163	326
49	13	91	181
49	14	59	118
49	15	91	181
49	16	43	85
49	17	24	48
49	18	40	79
49	19	76	152
49	20	21	42
49	21	43	85
49	22	104	209
49	23	140	280
49	24	102	204
49	25	105	211
49	26	102	204
49	27	173	346
49	28	178	356
49	29	151	302
49	30	254	507
49	31	173	346
49	32	174	349
49	33	34	68
49	34	18	36
49	35	80	160
49	36	34	68
49	37	26	52
49	38	66	132
49	39	48	95
49	40	49	98
49	41	26	52
49	42	116	233
49	43	117	233
49	44	0	0
49	45	65	131
49	46	65	130
49	47	41	83
49	48	13	26
49	49	0	0
49	50	81	161
49	51	123	247
49	52	82	165
49	53	110	219
49	54	123	247
49	55	143	286
49	56	220	441
49	57	56	111
49	58	65	131
49	59	143	286
49	60	89	179
49	61	99	198
49	62	175	350
49	63	217	434
49	64	174	349
49	65	161	322
49	66	117	233
49	67	175	350
50	0	52	103
50	1	49	99
50	2	14	27
50	3	38	77
50	4	50	100
50	5	35	70
50	6	49	99
50	7	82	165
50	8	52	104
50	9	117	234
50	10	86	173
50	11	79	158
50	12	82	165
50	13	79	158
50	14	41	82
50	15	79	158
50	16	47	94
50	17	101	202
50	18	41	82
50	19	68	135
50	20	60	120
50	21	47	94
50	22	101	202
50	23	61	123
50	24	179	359
50	25	184	367
50	26	179	359
50	27	100	200
50	28	100	200
50	29	72	144
50	30	183	367
50	31	100	200
50	32	108	217
50	33	47	93
50	34	96	192
50	35	97	195
50	36	47	93
50	37	95	190
50	38	125	250
50	39	128	256
50	40	128	256
50	41	95	190
50	42	42	84
50	43	45	91
50	44	81	161
50	45	145	290
50	46	106	213
50	47	81	162
50	48	94	187
50	49	81	161
50	50	0	0
50	51	63	126
50	52	120	239
50	53	91	181
50	54	63	126
50	55	123	247
50	56	188	375
50	57	69	137
50	58	78	155
50	59	123	247
50	60	58	116
50	61	19	37
50	62	107	215
50	63	148	297
50	64	105	210
50	65	92	185
50	66	39	78
50	67	107	215
51	0	53	105
51	1	28	56
51	2	76	153
51	3	28	56
51	4	25	50
51	5	82	164
51	6	28	56
51	7	75	150
51	8	40	81
51	9	79	159
51	10	76	152
51	11	73	146
51	12	75	150
51	13	61	122
51	14	64	129
51	15	61	122
51	16	104	208
51	17	147	294
51	18	88	176
51	19	130	261
51	20	108	215
51	21	104	208
51	22	76	152
51	23	47	94
51	24	224	449
51	25	228	456
51	26	224	449
51	27	54	107
51	28	67	134
51	29	55	110
51	30	131	261
51	31	54	107
51	32	51	102
51	33	94	188
51	34	141	283
51	35	92	184
51	36	94	188
51	37	126	252
51	38	140	281
51	39	168	337
51	40	162	324
51	41	126	252
51	42	30	59
51	43	22	44
51	44	123	247
51	45	179	359
51	46	166	332
51	47	101	203
51	48	134	269
51	49	123	247
51	50	63	126
51	51	0	0
51	52	120	240
51	53	58	115
51	54	0	0
51	55	182	364
51	56	238	476
51	57	130	259
51	58	140	279
51	59	182	364
51	60	41	83
51	61	57	115
51	62	52	104
51	63	94	188
51	64	52	104
51	65	39	78
51	66	38	76
51	67	52	104
52	0	74	148
52	1	96	191
52	2	125	250
52	3	126	252
52	4	98	196
52	5	93	186
52	6	96	191
52	7	187	375
52	8	149	298
52	9	199	398
52	10	190	380
52	11	185	369
52	12	187	375
52	13	59	119
52	14	79	157
52	15	59	119
52	16	111	221
52	17	96	193
52	18	92	184
52	19	151	303
52	20	90	181
52	21	111	221
52	22	53	106
52	23	159	318
52	24	147	295
52	25	148	297
52	26	147	295
52	27	172	345
52	28	187	374
52	29	169	339
52	30	239	478
52	31	172	345
52	32	163	326
52	33	91	182
52	34	92	185
52	35	28	56
52	36	91	182
52	37	59	118
52	38	33	66
52	39	94	189
52	40	79	157
52	41	59	118
52	42	133	265
52	43	128	256
52	44	82	165
52	45	89	179
52	46	147	294
52	47	45	90
52	48	81	162
52	49	82	165
52	50	120	239
52	51	120	240
52	52	0	0
52	53	71	141
52	54	120	240
52	55	220	440
52	56	295	590
52	57	134	268
52	58	145	290
52	59	220	440
52	60	80	160
52	61	134	269
52	62	165	331
52	63	204	408
52	64	167	335
52	65	156	312
52	66	138	276
52	67	165	331
53	0	43	85
53	1	44	89
53	2	102	204
53	3	75	150
53	4	45	90
53	5	86	172
53	6	44	89
53	7	132	264
53	8	95	191
53	9	133	266
53	10	133	266
53	11	130	260
53	12	132	264
53	13	19	38
53	14	61	123
53	15	19	38
53	16	111	223
53	17	132	264
53	18	90	179
53	19	149	298
53	20	103	205
53	21	111	223
53	22	20	39
53	23	104	207
53	24	202	404
53	25	204	409
53	26	202	404
53	27	106	212
53	28	123	246
53	29	112	224
53	30	168	337
53	31	106	212
53	32	94	187
53	33	93	187
53	34	126	253
53	35	44	88
53	36	93	187
53	37	100	200
53	38	98	197
53	39	144	289
53	40	133	266
53	41	100	200
53	42	81	161
53	43	74	148
53	44	110	219
53	45	148	297
53	46	168	336
53	47	73	145
53	48	117	233
53	49	110	219
53	50	91	181
53	51	58	115
53	52	71	141
53	53	0	0
53	54	58	115
53	55	212	425
53	56	278	556
53	57	139	280
53	58	151	303
53	59	212	425
53	60	33	66
53	61	97	193
53	62	96	193
53	63	134	267
53	64	99	198
53	65	89	178
53	66	88	177
53	67	96	193
54	0	53	105
54	1	28	56
54	2	76	153
54	3	28	56
54	4	25	50
54	5	82	164
54	6	28	56
54	7	75	150
54	8	40	81
54	9	79	159
54	10	76	152
54	11	73	146
54	12	75	150
54	13	61	122
54	14	64	129
54	15	61	122
54	16	104	208
54	17	147	294
54	18	88	176
54	19	130	261
54	20	108	215
54	21	104	208
54	22	76	152
54	23	47	94
54	24	224	449
54	25	228	456
54	26	224	449
54	27	54	107
54	28	67	134
54	29	55	110
54	30	131	261
54	31	54	107
54	32	51	102
54	33	94	188
54	34	141	283
54	35	92	184
54	36	94	188
54	37	126	252
54	38	140	281
54	39	168	337
54	40	162	324
54	41	126	252
54	42	30	59
54	43	22	44
54	44	123	247
54	45	179	359
54	46	166	332
54	47	101	203
54	48	134	269
54	49	123	247
54	50	63	126
54	51	0	0
54	52	120	240
54	53	58	115
54	54	0	0
54	55	182	364
54	56	238	476
54	57	130	259
54	58	140	279
54	59	182	364
54	60	41	83
54	61	57	115
54	62	52	104
54	63	94	188
54	64	52	104
54	65	39	78
54	66	38	76
54	67	52	104
55	0	170	341
55	1	172	345
55	2	111	221
55	3	155	309
55	4	173	347
55	5	131	262
55	6	172	345
55	7	154	308
55	8	153	306
55	9	204	407
55	10	158	317
55	11	152	303
55	12	154	308
55	13	198	396
55	14	154	307
55	15	198	396
55	16	110	219
55	17	144	288
55	18	130	261
55	19	69	138
55	20	130	260
55	21	110	219
55	22	219	438
55	23	156	311
55	24	190	380
55	25	195	390
55	26	190	380
55	27	200	401
55	28	188	375
55	29	161	321
55	30	277	554
55	31	200	401
55	32	217	434
55	33	130	260
55	34	144	287
55	35	207	414
55	36	130	260
55	37	169	338
55	38	209	418
55	39	170	341
55	40	183	365
55	41	169	338
55	42	154	308
55	43	161	322
55	44	143	286
55	45	193	388
55	46	97	194
55	47	175	350
55	48	151	303
55	49	143	286
55	50	123	247
55	51	182	364
55	52	220	440
55	53	212	425
55	54	182	364
55	55	0	0
55	56	78	156
55	57	88	175
55	58	78	156
55	59	0	0
55	60	180	360
55	61	125	250
55	62	215	429
55	63	248	495
55	64	210	420
55	65	200	400
55	66	147	293
55	67	215	429
56	0	238	477
56	1	235	471
56	2	177	354
56	3	211	422
56	4	235	471
56	5	203	406
56	6	235	471
56	7	189	378
56	8	202	404
56	9	236	473
56	10	192	384
56	11	188	375
56	12	189	378
56	13	266	532
56	14	223	447
56	15	266	532
56	16	184	369
56	17	222	443
56	18	203	407
56	19	145	290
56	20	206	412
56	21	184	369
56	22	287	576
56	23	201	403
56	24	264	528
56	25	269	538
56	26	264	528
56	27	242	483
56	28	223	447
56	29	202	404
56	30	307	614
56	31	242	483
56	32	262	524
56	33	204	408
56	34	221	443
56	35	279	559
56	36	204	408
56	37	246	492
56	38	286	572
56	39	248	496
56	40	260	520
56	41	246	492
56	42	209	417
56	43	216	432
56	44	220	441
56	45	271	543
56	46	174	347
56	47	250	500
56	48	229	458
56	49	220	441
56	50	188	375
56	51	238	476
56	52	295	590
56	53	278	556
56	54	238	476
56	55	78	156
56	56	0	0
56	57	165	330
56	58	156	311
56	59	78	156
56	60	245	491
56	61	183	367
56	62	259	517
56	63	284	568
56	64	254	507
56	65	246	493
56	66	200	400
56	67	259	517
57	0	97	195
57	1	110	219
57	2	56	113
57	3	107	214
57	4	112	223
57	5	54	108
57	6	110	219
57	7	141	283
57	8	119	237
57	9	183	366
57	10	145	292
57	11	138	276
57	12	141	283
57	13	122	245
57	14	78	157
57	15	122	245
57	16	28	57
57	17	60	120
57	18	50	101
57	19	22	43
57	20	44	87
57	21	28	57
57	22	142	283
57	23	127	253
57	24	126	253
57	25	131	262
57	26	126	253
57	27	168	337
57	28	166	331
57	29	136	272
57	30	251	503
57	31	168	337
57	32	177	354
57	33	48	95
57	34	58	117
57	35	124	249
57	36	48	95
57	37	81	163
57	38	121	243
57	39	89	179
57	40	98	197
57	41	81	163
57	42	110	221
57	43	114	228
57	44	56	111
57	45	112	224
57	46	39	77
57	47	89	178
57	48	65	129
57	49	56	111
57	50	69	137
57	51	130	259
57	52	134	268
57	53	139	280
57	54	130	259
57	55	88	175
57	56	165	330
57	57	0	0
57	58	12	24
57	59	88	175
57	60	110	221
57	61	83	165
57	62	176	352
57	63	216	433
57	64	173	347
57	65	161	322
57	66	106	213
57	67	176	352
58	0	109	218
58	1	120	241
58	2	65	129
58	3	116	232
58	4	122	244
58	5	66	131
58	6	120	241
58	7	146	293
58	8	126	252
58	9	189	380
58	10	150	302
58	11	143	287
58	12	146	293
58	13	134	269
58	14	90	180
58	15	134	269
58	16	40	80
58	17	67	134
58	18	62	124
58	19	18	37
58	20	55	110
58	21	40	80
58	22	153	307
58	23	134	267
58	24	127	254
58	25	132	264
58	26	127	254
58	27	176	353
58	28	172	345
58	29	143	286
58	30	259	519
58	31	176	353
58	32	186	371
58	33	59	119
58	34	66	132
58	35	136	272
58	36	59	119
58	37	91	183
58	38	131	263
58	39	95	190
58	40	106	211
58	41	91	183
58	42	119	237
58	43	123	246
58	44	65	131
58	45	118	236
58	46	34	68
58	47	101	201
58	48	73	147
58	49	65	131
58	50	78	155
58	51	140	279
58	52	145	290
58	53	151	303
58	54	140	279
58	55	78	156
58	56	156	311
58	57	12	24
58	58	0	0
58	59	78	156
58	60	122	244
58	61	90	181
58	62	185	369
58	63	224	450
58	64	182	364
58	65	170	338
58	66	114	229
58	67	185	369
59	0	170	341
59	1	172	345
59	2	111	221
59	3	155	309
59	4	173	347
59	5	131	262
59	6	172	345
59	7	154	308
59	8	153	306
59	9	204	407
59	10	158	317
59	11	152	303
59	12	154	308
59	13	198	396
59	14	154	307
59	15	198	396
59	16	110	219
59	17	144	288
59	18	130	261
59	19	69	138
59	20	130	260
59	21	110	219
59	22	219	438
59	23	156	311
59	24	190	380
59	25	195	390
59	26	190	380
59	27	200	401
59	28	188	375
59	29	161	321
59	30	277	554
59	31	200	401
59	32	217	434
59	33	130	260
59	34	144	287
59	35	207	414
59	36	130	260
59	37	169	338
59	38	209	418
59	39	170	341
59	40	183	365
59	41	169	338
59	42	154	308
59	43	161	322
59	44	143	286
59	45	193	388
59	46	97	194
59	47	175	350
59	48	151	303
59	49	143	286
59	50	123	247
59	51	182	364
59	52	220	440
59	53	212	425
59	54	182	364
59	55	0	0
59	56	78	156
59	57	88	175
59	58	78	156
59	59	0	0
59	60	180	360
59	61	125	250
59	62	215	429
59	63	248	495
59	64	210	420
59	65	200	400
59	66	147	293
59	67	215	429
60	0	15	29
60	1	16	32
60	2	69	139
60	3	48	95
60	4	18	36
60	5	57	113
60	6	16	32
60	7	108	218
60	8	70	141
60	9	120	241
60	10	111	221
60	11	106	212
60	12	108	218
60	13	24	48
60	14	33	66
60	15	24	48
60	16	82	164
60	17	113	226
60	18	61	123
60	19	118	236
60	20	78	156
60	21	82	164
60	22	45	89
60	23	80	160
60	24	189	377
60	25	192	383
60	26	189	377
60	27	95	190
60	28	107	215
60	29	90	180
60	30	169	338
60	31	95	190
60	32	90	180
60	33	66	132
60	34	107	214
60	35	52	104
60	36	66	132
60	37	87	175
60	38	99	198
60	39	131	262
60	40	123	246
60	41	87	175
60	42	54	108
60	43	49	98
60	44	89	179
60	45	140	280
60	46	141	283
60	47	61	123
60	48	99	198
60	49	89	179
60	50	58	116
60	51	41	83
60	52	80	160
60	53	33	66
60	54	41	83
60	55	180	360
60	56	245	491
60	57	110	221
60	58	122	244
60	59	180	360
60	60	0	0
60	61	65	130
60	62	91	183
60	63	133	265
60	64	92	184
60	65	80	159
60	66	61	121
60	67	91	183
61	0	63	125
61	1	53	105
61	2	27	53
61	3	30	59
61	4	52	105
61	5	54	107
61	6	53	105
61	7	64	128
61	8	36	72
61	9	100	201
61	10	68	136
61	11	61	121
61	12	64	128
61	13	88	176
61	14	56	112
61	15	88	176
61	16	64	128
61	17	120	239
61	18	60	119
61	19	78	155
61	20	78	157
61	21	64	128
61	22	110	219
61	23	44	89
61	24	198	395
61	25	202	404
61	26	198	395
61	27	86	172
61	28	83	167
61	29	55	109
61	30	169	338
61	31	86	172
61	32	97	194
61	33	65	130
61	34	114	229
61	35	110	221
61	36	65	130
61	37	113	226
61	38	142	284
61	39	146	293
61	40	146	293
61	41	113	226
61	42	30	61
61	43	36	73
61	44	99	198
61	45	163	327
61	46	121	242
61	47	98	196
61	48	112	224
61	49	99	198
61	50	19	37
61	51	57	115
61	52	134	269
61	53	97	193
61	54	57	115
61	55	125	250
61	56	183	367
61	57	83	165
61	58	90	181
61	59	125	250
61	60	65	130
61	61	0	0
61	62	95	191
61	63	134	269
61	64	92	185
61	65	80	161
61	66	24	49
61	67	95	191
62	0	104	208
62	1	80	159
62	2	120	240
62	3	69	139
62	4	77	153
62	5	132	265
62	6	80	159
62	7	72	144
62	8	62	124
62	9	42	84
62	10	70	139
62	11	72	145
62	12	72	144
62	13	106	213
62	14	116	233
62	15	106	213
62	16	153	305
62	17	199	398
62	18	139	278
62	19	173	346
62	20	159	317
62	21	153	305
62	22	116	232
62	23	59	118
62	24	276	553
62	25	280	560
62	26	276	553
62	27	19	38
62	28	42	84
62	29	57	113
62	30	79	157
62	31	19	38
62	32	4	8
62	33	145	290
62	34	193	386
62	35	137	275
62	36	145	290
62	37	178	355
62	38	189	379
62	39	220	440
62	40	214	427
62	41	178	355
62	42	66	132
62	43	62	124
62	44	175	350
62	45	231	462
62	46	213	427
62	47	152	305
62	48	186	373
62	49	175	350
62	50	107	215
62	51	52	104
62	52	165	331
62	53	96	193
62	54	52	104
62	55	215	429
62	56	259	517
62	57	176	352
62	58	185	369
62	59	215	429
62	60	91	183
62	61	95	191
62	62	0	0
62	63	42	84
62	64	6	12
62	65	15	31
62	66	71	143
62	67	0	0
63	0	146	292
63	1	122	243
63	2	160	321
63	3	110	221
63	4	119	237
63	5	174	348
63	6	122	243
63	7	96	191
63	8	99	199
63	9	48	95
63	10	92	184
63	11	97	195
63	12	96	191
63	13	146	292
63	14	158	317
63	15	146	292
63	16	194	388
63	17	241	482
63	18	180	361
63	19	212	424
63	20	200	401
63	21	194	388
63	22	152	305
63	23	94	187
63	24	318	637
63	25	322	644
63	26	318	637
63	27	49	98
63	28	61	122
63	29	87	175
63	30	37	73
63	31	49	98
63	32	43	86
63	33	186	373
63	34	235	470
63	35	177	353
63	36	186	373
63	37	220	439
63	38	229	459
63	39	262	524
63	40	256	511
63	41	220	439
63	42	106	213
63	43	103	207
63	44	217	434
63	45	273	545
63	46	254	509
63	47	194	388
63	48	228	457
63	49	217	434
63	50	148	297
63	51	94	188
63	52	204	408
63	53	134	267
63	54	94	188
63	55	248	495
63	56	284	568
63	57	216	433
63	58	224	450
63	59	248	495
63	60	133	265
63	61	134	269
63	62	42	84
63	63	0	0
63	64	43	87
63	65	56	113
63	66	110	221
63	67	42	84
64	0	104	208
64	1	80	159
64	2	117	235
64	3	67	134
64	4	77	153
64	5	131	262
64	6	80	159
64	7	66	133
64	8	58	117
64	9	37	74
64	10	64	128
64	11	67	134
64	12	66	133
64	13	108	216
64	14	116	232
64	15	108	216
64	16	151	301
64	17	198	396
64	18	137	275
64	19	170	340
64	20	157	315
64	21	151	301
64	22	119	237
64	23	55	109
64	24	276	552
64	25	279	559
64	26	276	552
64	27	13	27
64	28	36	72
64	29	52	103
64	30	80	159
64	31	13	27
64	32	10	20
64	33	143	287
64	34	192	384
64	35	139	279
64	36	143	287
64	37	178	355
64	38	191	381
64	39	220	440
64	40	214	427
64	41	178	355
64	42	63	127
64	43	60	120
64	44	174	349
64	45	231	462
64	46	211	423
64	47	153	306
64	48	186	372
64	49	174	349
64	50	105	210
64	51	52	104
64	52	167	335
64	53	99	198
64	54	52	104
64	55	210	420
64	56	254	507
64	57	173	347
64	58	182	364
64	59	210	420
64	60	92	184
64	61	92	185
64	62	6	12
64	63	43	87
64	64	0	0
64	65	13	27
64	66	68	136
64	67	6	12
65	0	92	183
65	1	67	133
65	2	105	209
65	3	54	108
65	4	64	128
65	5	118	235
65	6	67	133
65	7	62	124
65	8	47	95
65	9	44	88
65	10	61	121
65	11	62	124
65	12	62	124
65	13	97	194
65	14	103	205
65	15	97	194
65	16	138	275
65	17	185	369
65	18	124	248
65	19	158	316
65	20	144	288
65	21	138	275
65	22	108	217
65	23	45	91
65	24	263	526
65	25	266	533
65	26	263	526
65	27	17	34
65	28	38	75
65	29	45	89
65	30	93	186
65	31	17	34
65	32	17	34
65	33	130	260
65	34	179	358
65	35	128	256
65	36	130	260
65	37	165	329
65	38	179	357
65	39	207	413
65	40	201	401
65	41	165	329
65	42	51	101
65	43	47	94
65	44	161	322
65	45	218	436
65	46	198	397
65	47	140	280
65	48	173	346
65	49	161	322
65	50	92	185
65	51	39	78
65	52	156	312
65	53	89	178
65	54	39	78
65	55	200	400
65	56	246	493
65	57	161	322
65	58	170	338
65	59	200	400
65	60	80	159
65	61	80	161
65	62	15	31
65	63	56	113
65	64	13	27
65	65	0	0
65	66	56	112
65	67	15	31
66	0	64	128
66	1	45	91
66	2	50	100
66	3	13	27
66	4	44	88
66	5	71	141
66	6	45	91
66	7	50	100
66	8	14	27
66	9	78	157
66	10	53	106
66	11	47	94
66	12	50	100
66	13	84	169
66	14	65	130
66	15	84	169
66	16	86	171
66	17	138	277
66	18	77	154
66	19	102	204
66	20	97	194
66	21	86	171
66	22	104	209
66	23	24	48
66	24	217	434
66	25	221	442
66	26	217	434
66	27	62	124
66	28	62	123
66	29	35	70
66	30	145	290
66	31	62	124
66	32	73	146
66	33	83	166
66	34	133	266
66	35	112	223
66	36	83	166
66	37	127	254
66	38	151	302
66	39	164	328
66	40	162	324
66	41	127	254
66	42	9	17
66	43	16	32
66	44	117	233
66	45	179	359
66	46	145	289
66	47	108	215
66	48	129	259
66	49	117	233
66	50	39	78
66	51	38	76
66	52	138	276
66	53	88	177
66	54	38	76
66	55	147	293
66	56	200	400
66	57	106	213
66	58	114	229
66	59	147	293
66	60	61	121
66	61	24	49
66	62	71	143
66	63	110	221
66	64	68	136
66	65	56	112
66	66	0	0
66	67	71	143
67	0	104	208
67	1	80	159
67	2	120	240
67	3	69	139
67	4	77	153
67	5	132	265
67	6	80	159
67	7	72	144
67	8	62	124
67	9	42	84
67	10	70	139
67	11	72	145
67	12	72	144
67	13	106	213
67	14	116	233
67	15	106	213
67	16	153	305
67	17	199	398
67	18	139	278
67	19	173	346
67	20	159	317
67	21	153	305
67	22	116	232
67	23	59	118
67	24	276	553
67	25	280	560
67	26	276	553
67	27	19	38
67	28	42	84
67	29	57	113
67	30	79	157
67	31	19	38
67	32	4	8
67	33	145	290
67	34	193	386
67	35	137	275
67	36	145	290
67	37	178	355
67	38	189	379
67	39	220	440
67	40	214	427
67	41	178	355
67	42	66	132
67	43	62	124
67	44	175	350
67	45	231	462
67	46	213	427
67	47	152	305
67	48	186	373
67	49	175	350
67	50	107	215
67	51	52	104
67	52	165	331
67	53	96	193
67	54	52	104
67	55	215	429
67	56	259	517
67	57	176	352
67	58	185	369
67	59	215	429
67	60	91	183
67	61	95	191
67	62	0	0
67	63	42	84
67	64	6	12
67	65	15	31
67	66	71	143
67	67	0	0
</TRAVEL_COSTS_TIMES>
